Male Female
0.022613065326633167 -0.11155378486055777
-0.044444444444444446 -0.04046997389033943
-0.09552599758162031 -0.03324808184143223
-0.06863905325443787 -0.10638297872340426
-0.14682080924855492 -0.0695970695970696
-0.02408256880733945 -0.013888888888888888
-0.04610318331503842 -0.010238907849829351
0.007007007007007007 0.014989293361884369
-0.04550379198266522 -0.007847533632286996
-0.0176017601760176 -0.0056753688989784334
0.0031446540880503146 0.009836065573770493
0.007415254237288136 -0.011627906976744186
0.004887585532746823 -0.004228329809725159
0.0009765625 -0.005
0.019681349578256794 0.03768115942028986
-0.054464285714285715 0.02541544477028348
-0.10256410256410256 0.010752688172043012
-0.09875444839857651 0.018298261665141813
0.13740458015267176 0.22140221402214022
0.4573643410852713 0.4061674008810573
0.5176374077112387 0.4141666666666667
0.5708812260536399 0.39982347749338043
0.5638766519823789 0.3543859649122807
0.390057361376673 0.2052401746724891
0.0 -0.17580645161290323
-0.19579288025889968 -0.14411764705882352
-0.21300813008130082 -0.13471502590673576
-0.20056497175141244 -0.06257521058965103
-0.11372549019607843 -0.04046858359957402
-0.12853773584905662 -0.08485499462943072
-0.07472527472527472 -0.05230125523012552
-0.04741833508956796 0.0058997050147492625
-0.028017241379310345 -0.012232415902140673
-0.004873294346978557 -0.011310084825636193
-0.02574257425742574 0.0
-0.011560693641618497 -0.0009057971014492754
-0.021912350597609563 0.013100436681222707
-0.038606403013182675 -0.006974716652136007
0.01020408163265306 -0.019491525423728815
-0.01804123711340206 0.011400651465798045
-0.0016611295681063123 -0.01194267515923567
-0.013438735177865613 -0.0016542597187758478
0.014249790444258172 -0.0136327185244587
0.0008210180623973727 0.01558846453624318
0.004516711833785004 0.031198686371100164
0.0 0.018456375838926176
0.03743760399334443 -0.003987240829346092
-0.0008605851979345956 0.0015661707126076742
0.011466011466011465 0.008547008547008548
-0.013448607108549471 0.009057971014492754
-0.03107113654946852 0.004392386530014641
-0.026037428803905614 -0.01509433962264151
-0.007993605115907274 -0.011494252873563218
-0.0030097817908201654 -0.008589835361488905
-0.00684931506849315 -0.0048543689320388345
-0.01862464183381089 0.00876010781671159
-0.0006738544474393531 -0.003761755485893417
-0.010259917920656635 0.004840940525587829
-0.02538787023977433 0.006257822277847309
0.01832460732984293 -0.013522215067611075
-0.012292562999385371 -0.01296405421331762
-0.002443494196701283 0.001722158438576349
-0.024953212726138492 -0.01726121979286536
-0.028977272727272727 -0.004268943436499467
-0.038325471698113206 -0.006256517205422315
-0.01059322033898305 -0.010240655401945725
-0.025073746312684365 -0.0013774104683195593
-0.017476788640087382 -0.009683995922528032
-0.015969162995594713 0.006809848088004191
-0.014506769825918761 0.005922165820642978
0.022968197879858657 -0.00706436420722135
-0.025411061285500747 0.003787878787878788
0.001736111111111111 -0.005784061696658098
-0.014492753623188406 0.003050640634533252
0.017045454545454544 -0.008982035928143712
0.007220216606498195 0.011140235910878113
-0.006796116504854369 -0.0006684491978609625
0.0136986301369863 0.017303102625298328
0.0 0.015901060070671377
0.03292894280762565 -0.002357100766057749
0.013309671694764862 0.01130952380952381
0.023032629558541268 0.024683544303797468
0.013171225937183385 0.025450031036623216
0.009584664536741214 0.03236040609137056
0.009009009009009009 0.005637773079633545
-0.005134788189987163 0.020187454938716654
0.0491283676703645 0.037933817594834544
0.03583617747440273 0.0
0.027833001988071572 0.05615942028985507
-0.06716417910447761 0.06659939455095863
-0.02097902097902098 0.038331454340473504
0.054455445544554455 0.04597701149425287
-0.17123287671232876 0.00667779632721202
-0.1111111111111111 0.016913319238900635
-0.04054054054054054 0.08469945355191257
-0.1206896551724138 0.10277777777777777
0.06896551724137931 0.050505050505050504
0.0 0.14556962025316456
0.05555555555555555 -0.05172413793103448
-0.09090909090909091 -0.0759493670886076
-4.0 -1.62
