Male Female
-0.017997163179597087 -0.06552803402557467
-0.0503892617758151 -0.05804606675233758
-0.11758442410197649 -0.07572814553556433
-0.07542362934869452 -0.11689782771471145
-0.10165731360580266 -0.07669992720550758
-0.008854580866839821 -0.01074660722466384
0.011385318690559787 -0.00018946180013407893
0.008387210382601422 -0.007874212369333703
-0.012401963559117492 0.027295381350088233
-0.003986693824747998 -0.003995386896355626
0.010064299056987393 0.008025214263482315
0.011541221317715048 0.004971626383930578
0.019303974127031286 0.003638405876282716
0.019293474777032433 0.007994685070716488
0.019907612167095995 0.0243363554317953
-0.03080132570644122 0.029473192704466623
-0.08721656433994433 0.033046173769683544
-0.08397917975914758 0.03104499384967717
0.18307504019647092 0.23424408800979638
0.4534267673324411 0.4320438213323475
0.5107708977410406 0.4308404458527841
0.5587751714861313 0.41312648959214116
0.5411160165878095 0.3746158364066421
0.3391885554531792 0.19787090049336586
-0.014051720237287249 -0.11213667571395063
-0.0985253201730678 -0.09869923364264538
-0.16003172048976197 -0.11458821958228153
-0.1382784098424514 -0.0490906557058138
-0.0795849619160909 -0.04428662931580004
-0.06155031610602657 -0.03788760931887759
-0.04762383834166012 -0.03790811928472615
-0.005168959860789836 0.002249413571833904
-0.01614118723733281 0.002098951190175009
-0.015439245891607667 -0.00032843883877044694
-0.0010045986163843789 -0.00547056362345306
0.007278779918471634 0.002328714670842855
-0.0006921843789007542 0.023612912105002066
-0.007793215003306632 0.0026196647189271247
0.006308093841921078 -0.00932047936423612
-0.0004615348542432579 0.008233754321862055
0.002919232994715618 0.007318543308503365
0.005159398788859174 0.007044028795873382
0.027562150301676885 0.00746821343327507
-0.0011892891779045284 0.014868347481981755
0.01368495889614998 0.025939737091843315
-0.0017321026914984365 0.01865330682200429
0.01975668229823745 0.006572620683588311
0.015957942043864682 0.008175251403346566
0.01438779562387941 0.01436559659363991
0.002363307164831754 0.0027557538427103643
-0.00826790902623881 0.0017829494524284836
0.0031356233388466666 0.0011897486187725133
0.0033043284397922036 -0.00023874888803538234
-0.0054033814704579275 -0.003084000906274661
-0.007194177041296484 -0.004498113357336658
-0.007310381067516222 0.009327831665112208
-0.01006678279562923 -0.014646232941168
-0.00223704720764756 -0.0031273358596464076
-0.004046255559623241 -0.005029906598422477
0.01075595437819263 -0.006564581749640403
-0.010751757852051777 -0.010077653180111957
-0.017913814150956317 -0.0009619842951879193
-0.026055091300167237 -0.01624276035375038
-0.04284554268164801 -0.009794365999763376
-0.02586092684895799 -0.010423326184762464
-0.02853238558989972 -0.0018303469576203173
-0.01210901370422774 -0.002464763385915895
-0.012329073655928233 -0.0020323832763920677
-0.008929861685214877 0.009631048920258647
-0.01913353588493894 -0.0015412722274148539
0.004238880904112368 -0.0049145234594443745
-0.013656707231864419 0.0023134468557003767
-0.006297280600461175 -0.002017129610828946
-0.002396846329452534 0.003832458688254802
0.006698775595203404 -0.003033255290779288
-0.0005456524591986445 -0.004883043994354334
-0.0051036932674754535 0.008551970228535549
0.009305752837255364 0.008554572568221135
0.0018546939330271435 0.014311223519218054
0.031304522493086566 -0.0063323866837485055
0.022924205337260056 0.014591212205532363
0.018660514807477612 0.012462554413720123
0.014329760317643223 0.016832699932551123
-0.0028055630836160577 0.022925334196902486
-0.011880517273097082 0.01039050475092425
0.005721222690244416 0.016800658071064272
0.013858186574448211 0.003562423882488048
0.018722123296229104 0.017146776406035666
0.00013391447193442213 0.0156966506740912
0.016151765677477947 0.007061782809788447
0.006705075275475419 0.026212525596484366
0.01820798864517392 0.03922655316520072
-0.043261836097092034 0.02358213421389196
-0.19304243514769834 0.03566685053139141
-0.17487641933157846 0.01650973421861841
-0.055381400208986416 0.03117048884375617
-0.1897627070040863 -0.06512934143978434
-0.20454545454545456 -0.0017051037512282503
-0.12037037037037039 -0.13226697401073625
-0.3080808080808081 -0.08205740717399612
-3.7777777777777772 -1.6696296296296298
