Mesh_ID1 Mesh_ID TOTPOP_R2 IND_AGRFOR
0 483015273 16 0
1 483015443 244 29
2 483015642 4 2
3 483015641 10 4
4 483015644 35 16
5 483015643 5 2
6 483025044 3 0
7 483025232 3 0
8 483025113 2 0
9 483025103 11 1
10 483025104 1 0
11 483025201 3 0
12 483015372 1 0
13 483015371 1 0
14 483015444 1 0
15 483015463 8 2
16 483015551 3 1
17 483015561 1 0
18 483015573 34 8
19 483015564 15 4
20 483025151 3 0
21 483025152 1 0
22 483025153 1 0
23 483025154 1 0
24 483025274 6 1
25 483025253 7 1
26 483025283 19 2
27 483025372 4 1
28 483025371 19 3
29 483025351 22 2
30 483025364 6 1
31 483025373 13 2
32 483025234 3 1
33 483025214 9 1
34 483025244 8 1
35 483025312 1 0
36 483025342 4 0
37 483025412 1 0
38 483025432 0 0
39 483025423 1 0
40 483025443 13 2
41 483025514 1 0
42 483016212 3 1
43 483016223 15 6
44 483016224 1 1
45 483016421 3 1
46 483016433 3 0
47 483016423 2 1
48 483016424 0 0
49 483016551 3 0
50 483016644 0 0
51 483016742 27 2
52 483016211 8 3
53 483016214 2 1
54 483016213 6 3
55 483016314 9 4
56 483016414 2 1
57 483016511 3 1
58 483016512 1 0
59 483016611 2 1
60 483015791 5 1
61 483015782 8 1
62 483026051 6 1
63 483026052 8 2
64 483026054 47 11
65 483026053 3 1
66 483027164 1 0
67 483027163 2 0
68 483027261 2 0
69 483027262 8 0
70 483027264 1 0
71 483027263 15 1
72 483027362 3 0
73 483027212 1 0
74 483026293 25 5
75 483027214 5 1
76 483027302 12 2
77 483027321 14 2
78 483026391 68 13
79 483027322 1 0
80 483027342 1 0
81 483027354 1 0
82 483027353 1 0
83 483027442 7 1
84 483027422 21 3
85 483027312 10 1
86 483027311 2 0
87 483027303 74 14
88 483027314 29 4
89 483027304 24 3
90 483027323 14 2
91 483026393 14 3
92 483026394 59 12
93 483027313 17 2
94 483027412 34 4
95 483027421 43 5
96 483026492 77 17
97 483026491 42 9
98 483027411 32 4
99 483027413 5 1
100 483027404 5 1
101 483027403 6 1
102 483027423 79 10
103 483026494 11 2
104 483026493 2 0
105 483027432 10 1
106 483027433 53 7
107 483027424 14 2
108 483027434 14 2
109 483027443 1 0
110 483027444 1 0
111 483027522 51 6
112 483027532 14 2
113 483027541 13 1
114 483027531 6 1
115 483027414 118 15
116 483027501 2 0
117 483027521 328 42
118 483026591 8 1
119 483027504 94 12
120 483027513 44 6
121 483027523 1 0
122 483026594 26 3
123 483027514 42 5
124 483026593 53 8
125 483027533 5 1
126 483027534 49 6
127 483027543 39 5
128 483027622 49 6
129 483027652 2 0
130 483027642 26 5
131 483027641 62 9
132 483027632 71 9
133 483027631 43 5
134 483027624 216 27
135 483027361 4 0
136 483027761 2 0
137 483027763 3 0
138 483027861 19 3
139 483027864 16 2
140 483027863 105 15
141 483027972 12 1
142 483027962 65 8
143 483027952 4 0
144 483027961 14 2
145 483027503 29 4
146 483027611 140 18
147 483027601 51 6
148 483027621 109 14
149 483027602 81 10
150 483026692 1 0
151 483026691 42 6
152 483027623 106 13
153 483026694 260 29
154 483027604 47 6
155 483016743 7 0
156 483016734 18 1
157 483016723 7 1
158 483016821 12 2
159 483016832 7 0
160 483016843 38 2
161 483016824 40 7
162 483016834 2 0
163 483016823 3 1
164 483016844 93 5
165 483015794 9 1
166 483015793 4 0
167 483015891 1 0
168 483016814 5 1
169 483016813 5 0
170 483015894 9 1
171 483015992 16 2
172 483015991 2 0
173 483016912 21 4
174 483015993 10 1
175 483016833 2 0
176 483016932 12 1
177 483016941 96 6
178 483016942 34 2
179 483016921 10 2
180 483016922 12 2
181 483016944 127 17
182 483016934 22 2
183 483016943 136 9
184 483016953 3 1
185 483016904 6 1
186 483015984 4 1
187 483016913 6 1
188 483026012 4 0
189 483026011 1 0
190 483025082 6 1
191 483026002 55 5
192 483026013 9 1
193 483026004 53 4
194 483026014 1 0
195 483026041 41 3
196 483026032 20 2
197 483026042 73 11
198 483026034 71 3
199 483026044 93 15
200 483026043 21 2
201 483026131 1 0
202 483026132 42 1
203 483026144 31 5
204 483026133 71 2
205 483026063 16 4
206 483026151 14 3
207 483026152 22 5
208 483026171 82 15
209 483026162 2 1
210 483026161 21 5
211 483026164 7 1
212 483026154 79 17
213 483026153 3 1
214 483026173 10 1
215 483026112 2 0
216 483026102 10 1
217 483026111 66 4
218 483025194 4 0
219 483026114 72 5
220 483026113 79 4
221 483026211 121 6
222 483026212 54 3
223 483025291 22 2
224 483025284 14 2
225 483026163 52 12
226 483026262 55 7
227 483026271 8 1
228 483026252 47 9
229 483026251 51 9
230 483026261 35 7
231 483026272 8 1
232 483026274 17 2
233 483026273 16 2
234 483026263 99 12
235 483026124 6 1
236 483026143 1 0
237 483026134 40 1
238 483026242 39 7
239 483026232 1 0
240 483026222 4 0
241 483026231 31 1
242 483026221 6 1
243 483026223 53 3
244 483026243 17 3
245 483026264 52 6
246 483026253 31 5
247 483026254 26 4
248 483026283 7 1
249 483026361 183 17
250 483026382 63 12
251 483026381 11 1
252 483026371 163 12
253 483026351 153 10
254 483026362 24 3
255 483120102 1 0
256 483120203 5 1
257 483120204 2 0
258 483120313 5 1
259 483120421 13 2
260 483120412 3 1
261 483120414 1 0
262 483120054 2 0
263 483120152 1 0
264 483120154 7 1
265 483120251 8 1
266 483120242 5 1
267 483120253 2 0
268 483120244 4 1
269 483120243 1 0
270 483120254 1 0
271 483120341 1 0
272 483120423 1 0
273 483120413 3 1
274 483120512 7 1
275 483120502 5 1
276 483120514 1 0
277 483037194 1 0
278 483037193 30 4
279 483130114 4 1
280 483130113 2 0
281 483037292 8 1
282 483120351 2 0
283 483120332 1 0
284 483120333 1 0
285 483120324 6 1
286 483120422 4 1
287 483130222 3 0
288 483130233 1 0
289 483130741 8 3
290 483130732 4 1
291 483026214 13 1
292 483026213 116 4
293 483025293 102 11
294 483026301 6 0
295 483026312 171 4
296 483025382 43 4
297 483026311 198 5
298 483025381 22 2
299 483026302 38 1
300 483025391 80 9
301 483026224 49 6
302 483026244 38 7
303 483026234 57 5
304 483026233 148 6
305 483026331 7 0
306 483026342 65 7
307 483026322 225 18
308 483026332 231 21
309 483026341 13 2
310 483026321 105 4
311 483026372 427 35
312 483026352 433 27
313 483026373 426 19
314 483026383 43 3
315 483026363 420 24
316 483026354 658 29
317 483026374 118 7
318 483026353 317 18
319 483026364 95 6
320 483026384 16 3
321 483025384 4 0
322 483025393 33 4
323 483025383 27 2
324 483026313 392 10
325 483026304 292 8
326 483026303 35 3
327 483026314 312 7
328 483026412 71 2
329 483026411 913 20
330 483026402 599 14
331 483026333 22 2
332 483026334 62 6
333 483026344 96 6
334 483026343 20 2
335 483026324 96 7
336 483026323 97 4
337 483026432 13 1
338 483026422 38 3
339 483026442 275 24
340 483026431 32 3
341 483025482 55 3
342 483025491 18 1
343 483025492 10 1
344 483026401 116 4
345 483026414 111 3
346 483025494 127 5
347 483026403 61 2
348 483025493 51 2
349 483025484 435 21
350 483026404 847 12
351 483026461 415 27
352 483026481 70 6
353 483026471 304 18
354 483026452 70 4
355 483026462 60 7
356 483026451 35 3
357 483026472 127 7
358 483026482 80 14
359 483026474 122 9
360 483026463 33 3
361 483026421 62 3
362 483026441 6 1
363 483026434 9 1
364 483026433 17 2
365 483026423 122 5
366 483026424 10 1
367 483026522 36 4
368 483026542 135 33
369 483026532 41 5
370 483026541 54 11
371 483026484 15 2
372 483026483 67 5
373 483026464 52 6
374 483026473 44 3
375 483026582 97 14
376 483026571 28 3
377 483026572 28 2
378 483026581 161 16
379 483026562 89 12
380 483026561 53 7
381 483025374 45 8
382 483025354 4 0
383 483025452 4 0
384 483025471 3 0
385 483025472 20 2
386 483025481 87 6
387 483025483 53 3
388 483025573 4 0
389 483025574 16 1
390 483025681 66 2
391 483025213 3 0
392 483024481 2 0
393 483024483 2 0
394 483025413 4 0
395 483024581 6 0
396 483025511 5 0
397 483024582 17 1
398 483025504 7 0
399 483025503 2 0
400 483025602 6 0
401 483025642 3 1
402 483025672 32 1
403 483025671 1 0
404 483025673 33 2
405 483025664 12 1
406 483025674 509 19
407 483025762 7 0
408 483025761 4 0
409 483025772 548 16
410 483025771 244 11
411 483025641 1 0
412 483025632 12 2
413 483025633 62 10
414 483025644 60 10
415 483025643 13 2
416 483025721 8 1
417 483025731 35 6
418 483025722 62 10
419 483025742 1 0
420 483025733 13 2
421 483025752 4 1
422 483025764 48 3
423 483025753 1 0
424 483025774 702 23
425 483025754 38 5
426 483025773 82 3
427 483025763 180 11
428 483025862 5 0
429 483025871 4 0
430 483025872 164 6
431 483025724 7 1
432 483025842 16 3
433 483025812 14 1
434 483025833 28 5
435 483025814 20 1
436 483025931 3 0
437 483025932 8 1
438 483025912 45 2
439 483025942 3 0
440 483025922 15 1
441 483024782 24 1
442 483024791 3 0
443 483024793 0 0
444 483025713 7 0
445 483024794 6 0
446 483025811 16 1
447 483025802 15 1
448 483025911 1 0
449 483025902 24 1
450 483025903 6 0
451 483025861 42 3
452 483025851 13 2
453 483025852 36 3
454 483025854 75 4
455 483025874 26 1
456 483025853 281 17
457 483025951 0 0
458 483025954 21 1
459 483025963 18 1
460 483035081 11 1
461 483025924 8 0
462 483025914 202 10
463 483035032 2 0
464 483035012 49 3
465 483035021 147 8
466 483035044 3 0
467 483035023 2 0
468 483035024 15 1
469 483035033 1 0
470 483035034 16 1
471 483024993 1 0
472 483024994 0 0
473 483035011 18 1
474 483034092 4 0
475 483035004 7 0
476 483035003 2 0
477 483035101 12 1
478 483034193 8 0
479 483034184 12 1
480 483035103 2 0
481 483034194 10 0
482 483034282 1 0
483 483034281 3 0
484 483034384 43 2
485 483034383 244 8
486 483034394 11 0
487 483034272 120 16
488 483035141 1 0
489 483035121 16 1
490 483035131 8 0
491 483035133 16 1
492 483035222 1 0
493 483035224 32 2
494 483035412 1 0
495 483035612 1 0
496 483035623 0 0
497 483035721 9 1
498 483035063 24 1
499 483035083 4 0
500 483035261 2 0
501 483035263 16 1
502 483035361 3 0
503 483035363 24 1
504 483035364 11 1
505 483035461 1 0
506 483035462 11 1
507 483035853 0 0
508 483034492 4 0
509 483035511 12 1
510 483035513 3 0
511 483034583 32 2
512 483035503 5 0
513 483034682 6 0
514 483034684 11 0
515 483034791 43 4
516 483034793 37 3
517 483034794 1 0
518 483034892 4 0
519 483035803 8 1
520 483034883 52 1
521 483035911 4 0
522 483035902 8 1
523 483034981 1 0
524 483034983 7 0
525 483044083 14 0
526 483044181 20 1
527 483045103 1 0
528 483045201 27 0
529 483045202 0 0
530 483035842 2 0
531 483035844 3 0
532 483045121 2 0
533 483045122 9 1
534 483045241 2 0
535 483045232 0 0
536 483045332 1 0
537 483045412 5 0
538 483045414 1 0
539 483045423 3 0
540 483045411 0 0
541 483045532 0 0
542 483045521 3 0
543 483045523 15 0
544 483045544 1 0
545 483045543 1 0
546 483045621 3 0
547 483045622 12 0
548 483045642 1 0
549 483045623 7 0
550 483045624 39 0
551 483044772 4 1
552 483044782 5 1
553 483044784 27 6
554 483044783 57 12
555 483044774 53 10
556 483044882 18 3
557 483044881 37 8
558 483044872 14 4
559 483044891 19 2
560 483044892 22 2
561 483044422 118 16
562 483044424 7 1
563 483044522 9 1
564 483044664 16 2
565 483044673 1 0
566 483044663 48 6
567 483044532 11 1
568 483044521 796 178
569 483044523 240 52
570 483044524 8 1
571 483044533 16 1
572 483044631 22 2
573 483044633 17 2
574 483044634 8 1
575 483044771 38 5
576 483044742 31 2
577 483044762 50 6
578 483044773 6 1
579 483044743 99 6
580 483044744 25 1
581 483044841 154 9
582 483044861 42 5
583 483044842 73 4
584 483044852 11 1
585 483044731 6 1
586 483044732 45 4
587 483044741 2 0
588 483044734 16 1
589 483044941 15 1
590 483044943 29 3
591 483044871 69 19
592 483044851 2 0
593 483044863 8 1
594 483044844 140 10
595 483044853 125 10
596 483044854 29 2
597 483044864 4 1
598 483044843 21 2
599 483044951 29 2
600 483044942 1 0
601 483046161 4 1
602 483046174 5 0
603 483046281 9 1
604 483046283 1 0
605 483046372 7 1
606 483046373 30 3
607 483046462 2 0
608 483046472 1 0
609 483046571 1 0
610 483046662 21 2
611 483036951 18 4
612 483036921 2 0
613 483046253 5 1
614 483046753 55 6
615 483046734 0 0
616 483046744 7 1
617 483046832 1 0
618 483046851 27 3
619 483046822 0 0
620 483046824 1 0
621 483045083 0 0
622 483045172 3 0
623 483045171 6 1
624 483045183 9 1
625 483045481 4 0
626 483045763 11 0
627 483045754 9 0
628 483045852 26 1
629 483045854 19 1
630 483055062 3 0
631 483045084 1 0
632 483045382 5 0
633 483045384 3 0
634 483045491 1 0
635 483055184 8 1
636 483055282 6 1
637 483056213 4 0
638 483056312 3 0
639 483055382 0 0
640 483055394 1 0
641 483046761 29 2
642 483046752 0 0
643 483046754 38 4
644 483046763 116 10
645 483046852 9 1
646 483046861 57 5
647 483046874 1 0
648 483046883 3 0
649 483046981 3 0
650 483046972 11 1
651 483046984 2 0
652 483056062 1 0
653 483056081 16 1
654 483056083 1 0
655 483056182 12 1
656 483056183 10 1
657 483056281 22 2
658 483056282 21 2
659 483056283 82 7
660 483056284 54 4
661 483046931 3 0
662 483046943 6 1
663 483046933 9 1
664 483056034 2 0
665 483056033 2 0
666 483056131 1 0
667 483056133 3 0
668 483056243 4 0
669 483056323 6 1
670 483056324 13 2
671 483056381 18 1
672 483056382 38 3
673 483056383 14 1
674 483056482 7 1
675 483056484 5 0
676 483056762 3 0
677 483056771 3 0
678 483056773 2 0
679 483056774 2 0
680 483056872 5 0
681 483056314 10 1
682 483055393 2 0
683 483056313 5 1
684 483055384 2 0
685 483056804 3 0
686 483056902 11 1
687 483056904 23 1
688 483066002 1 0
689 483065084 0 0
690 483065182 40 11
691 483056431 1 0
692 483056433 3 0
693 483056832 1 0
694 483056834 2 0
695 483056843 1 0
696 483066221 2 0
697 483066244 17 2
698 483066223 0 0
699 483066341 8 1
700 483066342 14 1
701 483044874 30 8
702 483045803 6 1
703 483044894 49 5
704 483044883 3 1
705 483044893 7 1
706 483044972 17 5
707 483045902 4 0
708 483045901 21 2
709 483044994 9 1
710 483045904 2 0
711 483045721 6 0
712 483045814 3 0
713 483045912 8 0
714 483045914 16 0
715 483055012 7 0
716 483055014 3 0
717 483055112 24 0
718 483055121 3 0
719 483055114 18 0
720 483055123 70 1
721 483044993 3 0
722 483045913 20 0
723 483045903 6 1
724 483054092 60 6
725 483054091 41 4
726 483055013 5 0
727 483054093 18 2
728 483055111 54 1
729 483055113 10 0
730 483055211 4 0
731 483055064 2 0
732 483055161 4 0
733 483055152 27 1
734 483055154 38 1
735 483055153 4 0
736 483055163 26 1
737 483055252 1 0
738 483055261 11 0
739 483055251 22 1
740 483055263 23 1
741 483055222 67 0
742 483055232 5 0
743 483055242 23 1
744 483055241 6 0
745 483055221 41 1
746 483055231 6 0
747 483055233 74 1
748 483055234 38 0
749 483055223 1 0
750 483055224 47 0
751 483054252 20 0
752 483054262 244 14
753 483054264 314 19
754 483054254 0 0
755 483054263 144 9
756 483054273 9 1
757 483054362 224 31
758 483054361 2 0
759 483054352 1 0
760 483054371 80 14
761 483055341 19 0
762 483055342 4 0
763 483055322 24 0
764 483055321 2 0
765 483055331 51 1
766 483055332 43 1
767 483055323 23 0
768 483055324 5 0
769 483055421 10 0
770 483055423 2 0
771 483054364 44 8
772 483054373 28 5
773 483054363 0 0
774 483054472 121 10
775 483054471 87 10
776 483054452 3 0
777 483054462 6 1
778 483054461 6 1
779 483054474 196 16
780 483054464 2 1
781 483055202 5 0
782 483054483 4 0
783 483055413 0 0
784 483054581 118 9
785 483054584 0 0
786 483054583 247 16
787 483054682 54 3
788 483054681 99 7
789 483055611 30 1
790 483054684 111 6
791 483054473 71 14
792 483054463 7 2
793 483054454 0 0
794 483054561 56 15
795 483054552 28 7
796 483054571 79 18
797 483054562 35 10
798 483054572 6 0
799 483054563 32 9
800 483054574 7 0
801 483026413 398 6
802 483026501 269 5
803 483026502 382 6
804 483025581 49 3
805 483025582 233 6
806 483026511 104 3
807 483025591 409 5
808 483026512 45 2
809 483025592 576 9
810 483025583 92 3
811 483026521 108 5
812 483026531 57 7
813 483026524 52 4
814 483026533 19 3
815 483026534 143 19
816 483026523 26 1
817 483026622 142 5
818 483026642 1 0
819 483026641 46 3
820 483026632 47 4
821 483026563 0 0
822 483026554 17 2
823 483026583 17 2
824 483026573 29 4
825 483026584 74 11
826 483026564 33 5
827 483026574 106 13
828 483026661 33 5
829 483026652 79 11
830 483026681 43 6
831 483026503 506 4
832 483025584 138 3
833 483025594 221 3
834 483026514 247 7
835 483025593 668 11
836 483026513 528 11
837 483026504 690 3
838 483025682 549 13
839 483026611 1478 21
840 483026602 844 13
841 483025692 32 1
842 483025691 154 6
843 483026601 743 13
844 483026612 555 9
845 483025683 250 9
846 483025684 353 14
847 483026613 869 17
848 483026604 702 11
849 483025693 157 8
850 483025694 375 6
851 483026621 213 3
852 483026631 9 1
853 483026643 38 3
854 483026653 159 11
855 483026633 229 8
856 483026624 300 6
857 483026644 1 0
858 483026634 56 3
859 483026623 410 6
860 483026741 76 6
861 483026672 92 12
862 483026682 27 5
863 483026654 40 6
864 483026684 33 6
865 483026673 46 5
866 483026683 4 1
867 483026663 20 3
868 483026674 7 1
869 483026664 7 1
870 483026781 2 0
871 483026603 281 5
872 483026614 867 16
873 483026711 518 11
874 483026702 604 10
875 483025792 143 6
876 483026701 369 6
877 483025781 478 17
878 483026712 87 2
879 483025782 73 3
880 483025791 255 13
881 483026762 112 12
882 483026761 40 5
883 483026752 94 10
884 483026782 3 1
885 483026772 39 5
886 483026771 353 41
887 483026774 142 22
888 483026764 4 0
889 483026783 6 1
890 483026763 43 5
891 483026732 62 5
892 483026742 103 4
893 483026721 100 2
894 483026722 66 1
895 483026751 194 6
896 483026731 94 3
897 483026734 24 2
898 483026724 157 4
899 483026723 304 7
900 483026744 6 0
901 483027614 21 3
902 483027603 110 12
903 483027613 2 0
904 483026693 181 25
905 483027721 134 17
906 483026791 48 6
907 483026792 91 10
908 483027702 180 22
909 483027712 165 21
910 483027701 252 29
911 483027654 11 2
912 483027644 67 12
913 483027634 11 1
914 483027643 13 2
915 483027653 7 1
916 483027633 19 2
917 483027742 72 13
918 483027752 3 1
919 483027722 42 5
920 483027741 4 1
921 483027732 43 7
922 483027731 3 0
923 483027751 82 15
924 483027743 20 4
925 483027753 42 7
926 483027754 38 6
927 483027734 19 3
928 483027744 77 14
929 483027724 181 23
930 483027733 17 3
931 483027711 8 1
932 483027703 79 9
933 483026794 38 4
934 483027713 231 26
935 483027704 121 10
936 483027714 741 94
937 483027723 68 9
938 483027812 803 31
939 483027811 431 24
940 483026892 0 0
941 483026891 5 1
942 483027802 161 11
943 483027821 653 29
944 483026882 39 6
945 483027803 31 4
946 483026894 52 7
947 483027804 6 1
948 483026893 39 5
949 483027823 657 23
950 483027813 46 6
951 483027851 14 2
952 483027831 107 18
953 483027841 89 15
954 483027832 196 35
955 483027842 184 30
956 483027822 123 6
957 483027852 83 12
958 483027843 210 31
959 483027853 58 9
960 483027833 1 0
961 483027824 321 14
962 483027854 9 1
963 483027834 49 7
964 483027844 374 55
965 483027942 82 12
966 483027951 74 10
967 483027941 65 10
968 483027932 7 1
969 483027922 226 14
970 483027931 74 10
971 483027814 415 38
972 483026884 7 1
973 483027921 10 0
974 483027901 60 8
975 483027911 17 2
976 483026992 349 48
977 483026991 4 1
978 483027902 98 13
979 483027912 7 1
980 483027904 16 2
981 483027973 66 8
982 483027963 53 6
983 483027954 147 17
984 483027964 173 20
985 483037072 58 7
986 483037071 79 9
987 483037052 60 7
988 483037061 21 3
989 483037081 5 1
990 483037062 168 20
991 483027924 24 3
992 483027943 70 10
993 483027934 39 6
994 483027953 21 2
995 483027944 20 3
996 483027933 89 12
997 483037042 39 5
998 483037031 41 5
999 483037041 106 14
1000 483037051 21 2
1001 483025783 406 15
1002 483026703 155 5
1003 483026704 20 1
1004 483026713 151 12
1005 483025793 122 6
1006 483026714 28 2
1007 483025784 41 3
1008 483025794 130 6
1009 483025891 72 4
1010 483026812 3 0
1011 483026754 31 3
1012 483026784 12 2
1013 483026773 22 3
1014 483026881 41 6
1015 483026872 9 1
1016 483026851 11 1
1017 483026852 13 1
1018 483026854 24 3
1019 483026883 62 9
1020 483026863 18 4
1021 483026753 47 1
1022 483026733 47 3
1023 483026743 130 11
1024 483026831 89 7
1025 483026821 3 0
1026 483026822 8 0
1027 483026842 42 4
1028 483026841 75 4
1029 483026832 102 4
1030 483026843 377 16
1031 483026811 55 5
1032 483025892 278 13
1033 483026801 25 1
1034 483025881 70 6
1035 483025882 9 1
1036 483025883 133 13
1037 483025893 60 14
1038 483026814 3 0
1039 483025894 9 0
1040 483026813 112 10
1041 483026823 7 1
1042 483026833 6 0
1043 483026824 44 4
1044 483026844 105 13
1045 483026834 39 2
1046 483026942 89 10
1047 483026941 58 2
1048 483026922 33 3
1049 483026931 16 1
1050 483026912 369 32
1051 483025884 57 9
1052 483025992 58 3
1053 483025991 39 9
1054 483026911 166 14
1055 483026902 17 1
1056 483025981 46 7
1057 483025982 21 3
1058 483025994 121 8
1059 483026913 317 28
1060 483026904 60 5
1061 483026853 179 16
1062 483026962 41 14
1063 483026982 8 1
1064 483026961 40 15
1065 483026951 55 7
1066 483026971 45 14
1067 483026952 15 3
1068 483026954 9 2
1069 483026974 54 17
1070 483026963 14 5
1071 483026921 57 5
1072 483026932 1 0
1073 483026943 2 0
1074 483026933 7 1
1075 483026934 1 0
1076 483026914 32 3
1077 483026944 4 0
1078 483026924 25 2
1079 483026923 25 2
1080 483036051 116 8
1081 483025984 16 2
1082 483025993 20 2
1083 483025983 1 0
1084 483035091 44 6
1085 483035082 19 3
1086 483035092 37 4
1087 483036011 37 3
1088 483035084 38 4
1089 483036013 5 0
1090 483035094 40 4
1091 483026984 24 3
1092 483026973 25 9
1093 483036072 2 1
1094 483036081 2 0
1095 483036082 7 1
1096 483036052 6 1
1097 483036061 23 8
1098 483036084 15 2
1099 483036064 11 4
1100 483036083 37 6
1101 483026994 162 22
1102 483026993 6 1
1103 483027903 63 9
1104 483027914 10 1
1105 483027923 3 0
1106 483027913 77 11
1107 483037012 2 0
1108 483037001 13 2
1109 483036091 19 3
1110 483037011 35 5
1111 483037032 104 11
1112 483037022 19 3
1113 483037043 576 50
1114 483037044 388 36
1115 483037053 64 7
1116 483037024 37 6
1117 483037034 138 12
1118 483037033 7 1
1119 483037142 559 49
1120 483037122 24 4
1121 483036092 174 24
1122 483037021 0 0
1123 483036094 6 1
1124 483037023 2 0
1125 483037013 16 2
1126 483036093 35 5
1127 483037014 102 18
1128 483037102 9 1
1129 483037121 62 11
1130 483037112 113 20
1131 483037074 45 5
1132 483037063 80 9
1133 483037064 7 1
1134 483037084 24 3
1135 483037054 80 9
1136 483037073 66 8
1137 483037083 45 5
1138 483037152 29 3
1139 483037171 18 2
1140 483037181 17 2
1141 483037172 27 3
1142 483037162 34 4
1143 483037182 52 6
1144 483037161 11 1
1145 483037174 64 7
1146 483037164 29 3
1147 483037173 29 3
1148 483037163 24 2
1149 483037184 47 6
1150 483037183 121 15
1151 483037151 330 33
1152 483037132 38 3
1153 483037141 136 12
1154 483037124 7 1
1155 483037143 78 7
1156 483037134 33 3
1157 483037153 760 67
1158 483037133 27 4
1159 483037144 479 42
1160 483037251 59 7
1161 483037111 21 3
1162 483036191 4 1
1163 483037114 22 4
1164 483037123 220 39
1165 483037104 5 1
1166 483036193 16 2
1167 483037103 5 1
1168 483037113 24 3
1169 483037202 3 0
1170 483037212 37 6
1171 483037154 182 19
1172 483037252 273 24
1173 483037262 15 1
1174 483037281 70 8
1175 483037272 7 1
1176 483037282 40 5
1177 483037261 238 21
1178 483037271 13 1
1179 483037283 6 1
1180 483037273 39 3
1181 483037222 15 3
1182 483037232 44 4
1183 483037242 76 8
1184 483037241 17 1
1185 483037231 141 24
1186 483037224 38 7
1187 483037233 7 1
1188 483037244 39 5
1189 483037234 55 5
1190 483037253 94 13
1191 483130201 1 0
1192 483037291 86 10
1193 483130204 22 3
1194 483130213 19 2
1195 483037284 229 28
1196 483037293 91 11
1197 483037294 193 23
1198 483037392 43 5
1199 483130302 14 2
1200 483130301 58 7
1201 483037263 77 10
1202 483037274 14 2
1203 483037254 78 11
1204 483037264 45 4
1205 483037362 30 3
1206 483037361 71 10
1207 483037352 160 23
1208 483037381 118 14
1209 483037371 128 12
1210 483037372 61 7
1211 483037243 54 5
1212 483037332 114 10
1213 483037322 19 3
1214 483037341 22 2
1215 483037342 65 9
1216 483037351 430 62
1217 483037343 24 2
1218 483037344 195 27
1219 483037353 34 5
1220 483037333 0 0
1221 483037221 108 19
1222 483037223 9 1
1223 483037214 19 3
1224 483037312 8 1
1225 483037321 56 10
1226 483037314 23 4
1227 483037413 0 0
1228 483037414 7 1
1229 483037404 15 3
1230 483037521 2 0
1231 483037382 405 49
1232 483037391 202 24
1233 483037384 366 44
1234 483037394 114 14
1235 483130303 50 6
1236 483130304 3 0
1237 483037393 19 2
1238 483037491 49 6
1239 483130401 3 0
1240 483130402 9 1
1241 483037373 3 0
1242 483037363 4 1
1243 483037354 23 3
1244 483037383 243 29
1245 483037364 31 4
1246 483037374 154 19
1247 483037462 33 5
1248 483037481 45 5
1249 483037461 11 2
1250 483037452 28 4
1251 483037471 51 7
1252 483037472 40 5
1253 483037482 100 12
1254 483037454 5 1
1255 483037463 21 3
1256 483037473 55 8
1257 483037484 15 2
1258 483037483 115 10
1259 483037474 42 6
1260 483037464 5 1
1261 483037334 10 1
1262 483037451 10 1
1263 483037431 1 0
1264 483037441 55 8
1265 483037432 10 1
1266 483037442 19 3
1267 483037453 23 3
1268 483037443 36 5
1269 483037542 13 2
1270 483037532 60 9
1271 483037492 12 1
1272 483037493 12 1
1273 483037494 27 3
1274 483130403 14 2
1275 483037592 25 3
1276 483037591 19 2
1277 483037594 36 5
1278 483037593 182 22
1279 483037682 6 0
1280 483037692 14 2
1281 483037552 3 0
1282 483037582 326 22
1283 483037561 36 5
1284 483037562 22 3
1285 483037581 17 2
1286 483037564 20 3
1287 483037554 0 0
1288 483037573 1 0
1289 483037563 10 1
1290 483037584 141 7
1291 483037541 2 0
1292 483037551 17 2
1293 483037544 6 1
1294 483037534 23 3
1295 483037524 4 0
1296 483037543 0 0
1297 483037651 18 3
1298 483037622 6 1
1299 483037631 3 0
1300 483037641 5 1
1301 483036042 21 1
1302 483036031 26 2
1303 483036021 102 9
1304 483036012 396 34
1305 483036022 0 0
1306 483036053 383 33
1307 483036023 29 2
1308 483036024 26 2
1309 483036033 3 0
1310 483036014 16 1
1311 483035093 1 0
1312 483035192 101 10
1313 483036111 72 6
1314 483036112 25 2
1315 483036101 11 1
1316 483036114 39 3
1317 483036103 46 5
1318 483035194 2 0
1319 483036113 13 1
1320 483036212 0 0
1321 483036054 21 2
1322 483036172 13 4
1323 483036152 68 7
1324 483036181 15 2
1325 483036163 40 6
1326 483036154 45 5
1327 483036184 22 3
1328 483036183 3 0
1329 483036261 23 3
1330 483036282 9 1
1331 483036044 8 0
1332 483036122 21 2
1333 483036151 28 2
1334 483036121 10 1
1335 483036124 1 0
1336 483036133 15 1
1337 483036222 22 2
1338 483036231 20 2
1339 483036224 34 3
1340 483036233 13 1
1341 483036262 96 14
1342 483036271 6 1
1343 483036252 2 0
1344 483036264 20 3
1345 483036273 35 5
1346 483036372 73 7
1347 483036362 2 0
1348 483036371 22 3
1349 483036373 27 2
1350 483036374 8 1
1351 483036201 3 0
1352 483036211 5 0
1353 483036203 7 1
1354 483036301 3 0
1355 483035392 6 1
1356 483035394 18 2
1357 483035492 6 1
1358 483035494 2 0
1359 483035594 39 4
1360 483036513 3 0
1361 483036472 21 1
1362 483036471 8 1
1363 483036474 55 4
1364 483036483 13 1
1365 483036572 2 0
1366 483036571 2 0
1367 483036671 27 3
1368 483036672 3 0
1369 483036674 84 6
1370 483036664 2 0
1371 483036321 3 0
1372 483036324 18 2
1373 483036432 11 1
1374 483036434 24 2
1375 483036541 22 2
1376 483036641 2 0
1377 483036632 8 1
1378 483036644 8 1
1379 483036821 22 2
1380 483036823 9 1
1381 483036514 5 0
1382 483035692 17 2
1383 483036612 2 0
1384 483035694 27 3
1385 483036713 1 0
1386 483036811 1 0
1387 483036812 3 0
1388 483035992 1 0
1389 483036901 6 1
1390 483045082 6 1
1391 483036762 13 0
1392 483036771 99 4
1393 483036773 22 1
1394 483036774 26 2
1395 483036872 7 1
1396 483036862 11 0
1397 483036871 5 0
1398 483036873 8 1
1399 483036952 15 3
1400 483036971 0 0
1401 483037684 10 1
1402 483037694 7 1
1403 483130603 17 2
1404 483130702 11 1
1405 483130701 12 1
1406 483130704 202 25
1407 483130703 4 0
1408 483130802 70 9
1409 483130812 3 0
1410 483130811 4 0
1411 483130744 33 11
1412 483130733 9 1
1413 483130743 40 12
1414 483130734 63 9
1415 483130821 2 0
1416 483130851 1 0
1417 483130822 16 2
1418 483130841 49 10
1419 483130832 75 10
1420 483130831 112 15
1421 483130963 3 1
1422 483140061 3 1
1423 483140062 0 0
1424 483130842 21 7
1425 483130833 72 16
1426 483130844 16 7
1427 483130834 53 11
1428 483130853 10 5
1429 483130843 50 6
1430 483130951 13 5
1431 483130942 2 1
1432 483130931 11 3
1433 483130934 3 1
1434 483130954 22 9
1435 483130953 5 2
1436 483140052 5 2
1437 483140031 6 1
1438 483140051 12 5
1439 483140054 0 0
1440 483140332 1 0
1441 483140334 1 0
1442 483140343 0 0
1443 483140432 1 0
1444 483140013 4 1
1445 483140102 8 2
1446 483140111 0 0
1447 483140113 3 1
1448 483140213 9 1
1449 483140311 4 0
1450 483140313 23 2
1451 483140414 1 0
1452 483140512 25 0
1453 483140514 12 0
1454 483140611 1 0
1455 483140612 5 0
1456 483140613 1 0
1457 483140711 13 0
1458 483047791 0 0
1459 483047784 2 0
1460 483140703 8 0
1461 483140713 1 0
1462 483140704 12 0
1463 483140801 1 0
1464 483037642 13 2
1465 483037632 9 1
1466 483037653 20 3
1467 483037643 9 1
1468 483037634 4 1
1469 483037633 17 1
1470 483037741 9 1
1471 483037732 5 1
1472 483037751 12 2
1473 483037731 0 0
1474 483037662 6 1
1475 483037661 9 1
1476 483037654 4 1
1477 483037664 16 2
1478 483037663 20 3
1479 483037673 3 0
1480 483037761 9 1
1481 483037782 9 1
1482 483037754 2 0
1483 483037784 21 4
1484 483037733 17 2
1485 483037753 28 4
1486 483037734 1 0
1487 483037851 6 1
1488 483037831 10 1
1489 483037842 2 0
1490 483037833 7 1
1491 483037844 9 1
1492 483037942 10 1
1493 483037922 2 0
1494 483037783 1 0
1495 483037881 15 3
1496 483037883 6 1
1497 483037972 14 3
1498 483037983 3 1
1499 483037974 11 2
1500 483047081 4 1
1501 483047072 13 2
1502 483047083 4 1
1503 483047074 13 2
1504 483037513 38 7
1505 483037623 3 1
1506 483037903 8 2
1507 483046092 6 1
1508 483047001 4 1
1509 483046091 3 1
1510 483046384 4 0
1511 483046794 4 0
1512 483046894 5 0
1513 483046893 3 0
1514 483037944 20 3
1515 483037924 1 0
1516 483047042 4 1
1517 483047043 1 0
1518 483047532 3 0
1519 483047541 3 0
1520 483047534 3 0
1521 483047633 2 0
1522 483047634 5 0
1523 483047741 1 0
1524 483047181 3 1
1525 483047172 15 3
1526 483047174 7 1
1527 483047173 3 1
1528 483047272 3 1
1529 483047473 3 1
1530 483047783 2 0
1531 483047881 0 0
1532 483047874 2 0
1533 483057972 3 1
1534 483047742 1 0
1535 483047732 3 0
1536 483047744 1 0
1537 483047734 1 0
1538 483047831 1 0
1539 483047832 1 0
1540 483057424 3 0
1541 483057434 1 0
1542 483057522 8 1
1543 483057531 6 1
1544 483046993 3 0
1545 483057002 4 0
1546 483057011 3 0
1547 483057001 1 0
1548 483056184 14 1
1549 483056384 3 0
1550 483056591 1 0
1551 483057801 2 0
1552 483056892 1 0
1553 483057823 10 0
1554 483057803 1 0
1555 483056894 3 0
1556 483056992 2 0
1557 483056993 1 0
1558 483057903 1 0
1559 483057923 7 1
1560 483056994 2 0
1561 483067021 11 1
1562 483067014 1 0
1563 483067112 4 0
1564 483140431 4 0
1565 483140423 1 0
1566 483140532 5 1
1567 483140522 6 1
1568 483140521 7 0
1569 483140523 1 0
1570 483140524 1 0
1571 483140534 1 0
1572 483140631 11 1
1573 483044962 31 9
1574 483044961 43 9
1575 483054044 24 2
1576 483054151 69 9
1577 483054142 8 1
1578 483054153 1 0
1579 483054163 169 10
1580 483054154 388 10
1581 483054164 166 19
1582 483054261 560 8
1583 483044934 48 5
1584 483044933 1 0
1585 483054041 105 10
1586 483054032 51 5
1587 483054043 29 3
1588 483054743 5 2
1589 483054841 205 79
1590 483054832 21 8
1591 483054941 150 56
1592 483054932 8 3
1593 483054674 170 17
1594 483054673 210 16
1595 483054663 127 33
1596 483054742 3 1
1597 483054752 60 10
1598 483054761 39 10
1599 483054762 458 62
1600 483054751 23 2
1601 483054772 216 12
1602 483054771 156 7
1603 483054754 148 15
1604 483054744 44 9
1605 483054753 76 8
1606 483054774 316 13
1607 483054764 58 5
1608 483054773 7 0
1609 483054763 249 44
1610 483054862 5 0
1611 483054871 1 0
1612 483054852 285 40
1613 483054872 341 13
1614 483054842 95 17
1615 483054851 155 19
1616 483054861 144 9
1617 483054844 10 3
1618 483054843 1 0
1619 483054854 58 9
1620 483054864 165 7
1621 483054873 420 7
1622 483054863 218 12
1623 483054874 516 7
1624 483054853 60 9
1625 483054971 665 5
1626 483054961 247 14
1627 483054952 161 19
1628 483054942 139 50
1629 483054951 102 18
1630 483054972 639 6
1631 483054962 341 6
1632 483054974 1450 14
1633 483054973 1074 12
1634 483054963 18 1
1635 483054954 8 1
1636 483054943 3 1
1637 483054964 486 27
1638 483064072 942 8
1639 483064071 345 3
1640 483064062 42 3
1641 483064061 1 0
1642 483064044 0 0
1643 483064053 39 0
1644 483064063 59 0
1645 483064073 1118 10
1646 483064064 347 1
1647 483064074 1215 8
1648 483064054 6 0
1649 483064161 415 15
1650 483064142 22 0
1651 483064172 1669 14
1652 483064151 3 0
1653 483064171 1055 8
1654 483064152 221 6
1655 483064162 371 4
1656 483064163 612 42
1657 483064164 881 16
1658 483064153 591 31
1659 483064173 1227 11
1660 483064174 1301 9
1661 483064144 66 4
1662 483064154 150 10
1663 483055521 17 0
1664 483055531 1 0
1665 483055522 45 1
1666 483055544 5 0
1667 483055523 25 1
1668 483055514 54 1
1669 483055543 11 0
1670 483055621 5 0
1671 483055612 48 1
1672 483055641 20 0
1673 483054554 18 5
1674 483054564 27 8
1675 483054573 88 14
1676 483054661 227 61
1677 483054652 72 19
1678 483054662 156 40
1679 483054671 48 6
1680 483054672 73 8
1681 483054654 71 19
1682 483054664 87 17
1683 483055351 13 0
1684 483055361 12 0
1685 483055353 19 0
1686 483055651 10 0
1687 483055652 36 0
1688 483055673 1 0
1689 483055653 27 0
1690 483055674 1 0
1691 483055862 11 0
1692 483065081 3 1
1693 483054683 11 1
1694 483055613 78 2
1695 483055604 72 2
1696 483054791 116 5
1697 483055702 48 1
1698 483054781 8 0
1699 483054782 1405 43
1700 483054784 500 11
1701 483054793 1010 27
1702 483054783 442 15
1703 483054794 19 1
1704 483054882 354 8
1705 483055801 51 1
1706 483054891 805 15
1707 483054881 635 34
1708 483054892 318 17
1709 483054883 1541 32
1710 483055804 86 4
1711 483054884 691 15
1712 483055803 100 1
1713 483055644 2 0
1714 483055623 4 0
1715 483055643 3 0
1716 483055624 23 1
1717 483055912 1 0
1718 483055923 0 0
1719 483055914 1 0
1720 483065042 12 1
1721 483065021 8 1
1722 483065012 78 3
1723 483054894 768 11
1724 483054893 1062 20
1725 483055813 1 0
1726 483054981 450 5
1727 483054992 86 1
1728 483055911 58 1
1729 483055902 233 11
1730 483054991 503 8
1731 483054982 406 7
1732 483054984 691 5
1733 483054994 1 0
1734 483055903 14 0
1735 483054983 1021 6
1736 483054993 94 1
1737 483055913 435 4
1738 483055904 377 9
1739 483065011 812 11
1740 483064092 660 6
1741 483065002 743 7
1742 483064081 544 2
1743 483064082 581 2
1744 483065001 363 3
1745 483064091 1120 6
1746 483065013 516 6
1747 483065003 454 5
1748 483064083 1202 6
1749 483064084 988 7
1750 483065004 698 15
1751 483064093 742 3
1752 483064094 57 0
1753 483065022 0 0
1754 483065034 12 1
1755 483065023 2 0
1756 483065014 344 15
1757 483065033 6 0
1758 483065142 0 0
1759 483065112 61 3
1760 483065121 156 17
1761 483065123 222 39
1762 483065114 21 3
1763 483064182 808 9
1764 483064191 672 4
1765 483065102 1166 44
1766 483065111 246 7
1767 483064192 1622 16
1768 483064181 1176 16
1769 483065101 986 13
1770 483064194 948 16
1771 483065113 114 6
1772 483065104 121 4
1773 483065053 18 1
1774 483065152 7 0
1775 483065173 5 1
1776 483065174 72 22
1777 483065163 6 0
1778 483065261 6 0
1779 483065271 3 1
1780 483065272 27 8
1781 483065263 21 5
1782 483065254 6 1
1783 483065103 1341 24
1784 483064183 493 3
1785 483064184 355 3
1786 483064193 1101 14
1787 483064292 501 8
1788 483065211 112 6
1789 483065201 210 4
1790 483064281 1834 26
1791 483064291 1202 25
1792 483065202 185 4
1793 483065124 1 0
1794 483065143 0 0
1795 483065221 28 4
1796 483065222 61 8
1797 483065241 1 0
1798 483065212 27 3
1799 483065224 157 14
1800 483065223 4 1
1801 483065214 9 1
1802 483065331 41 4
1803 483064282 1105 22
1804 483064294 1345 33
1805 483064293 181 4
1806 483065213 71 3
1807 483064283 1584 23
1808 483065204 354 8
1809 483065203 300 6
1810 483064284 1156 26
1811 483065301 365 9
1812 483065311 58 3
1813 483064391 157 6
1814 483065302 138 4
1815 483064381 1143 22
1816 483064392 668 16
1817 483064382 737 25
1818 483065313 223 11
1819 483064394 43 2
1820 483064393 106 8
1821 483065304 434 21
1822 483064384 333 16
1823 483065321 12 1
1824 483065322 192 13
1825 483065312 42 5
1826 483065334 7 1
1827 483065323 112 13
1828 483065333 217 29
1829 483065324 48 4
1830 483065314 253 27
1831 483065431 16 2
1832 483065432 64 7
1833 483065362 2 1
1834 483065361 71 20
1835 483065373 2 0
1836 483065363 5 2
1837 483065364 19 4
1838 483065472 25 8
1839 483065462 36 5
1840 483065471 42 13
1841 483065473 21 4
1842 483065303 269 10
1843 483064383 651 13
1844 483064491 197 20
1845 483064481 890 57
1846 483064482 39 3
1847 483064492 60 6
1848 483065402 805 45
1849 483065401 598 49
1850 483065411 151 7
1851 483064494 104 11
1852 483065441 6 1
1853 483065421 231 26
1854 483065412 285 30
1855 483065414 98 8
1856 483065433 18 2
1857 483065424 190 17
1858 483065423 135 12
1859 483065434 199 31
1860 483064484 201 21
1861 483064483 283 31
1862 483065403 240 25
1863 483065404 209 18
1864 483065413 165 9
1865 483064493 246 26
1866 483064582 151 16
1867 483064591 67 7
1868 483065502 179 19
1869 483064592 82 9
1870 483065463 17 7
1871 483065474 15 5
1872 483065572 20 5
1873 483065571 121 7
1874 483065561 23 6
1875 483065562 41 6
1876 483065564 463 56
1877 483065522 17 2
1878 483065512 314 27
1879 483065521 30 3
1880 483065532 220 33
1881 483065523 85 9
1882 483065524 18 2
1883 483065514 105 9
1884 483064581 201 21
1885 483065501 6 1
1886 483065511 199 16
1887 483064584 138 14
1888 483064583 58 10
1889 483064593 234 25
1890 483065513 119 11
1891 483065504 180 28
1892 483064594 8 1
1893 483065503 27 4
1894 483064563 45 24
1895 483064574 48 25
1896 483064573 146 78
1897 483064554 29 14
1898 483064564 103 51
1899 483064652 34 17
1900 483064672 19 9
1901 483064671 71 39
1902 483064661 94 47
1903 483064662 150 82
1904 483065573 333 20
1905 483065574 36 5
1906 483065671 8 1
1907 483065672 31 5
1908 483065681 87 17
1909 483065621 95 11
1910 483065622 158 19
1911 483065632 1379 84
1912 483065631 229 35
1913 483065612 63 6
1914 483065624 345 38
1915 483065602 69 12
1916 483064682 44 8
1917 483065611 114 15
1918 483064692 169 35
1919 483064681 56 23
1920 483065601 28 4
1921 483064691 81 11
1922 483064684 91 35
1923 483064693 26 10
1924 483065613 62 7
1925 483064694 40 6
1926 483064683 69 30
1927 483065604 65 11
1928 483065603 205 18
1929 483064782 4 1
1930 483065701 236 18
1931 483065711 36 3
1932 483064781 212 98
1933 483064792 236 11
1934 483065702 418 42
1935 483064251 147 14
1936 483064271 816 10
1937 483064272 2495 33
1938 483064261 199 17
1939 483064242 116 7
1940 483064262 370 12
1941 483064252 55 12
1942 483064254 99 28
1943 483064274 1045 24
1944 483064264 1208 75
1945 483064141 1 0
1946 483064143 3 0
1947 483064241 3 0
1948 483064234 2 0
1949 483064243 96 7
1950 483064233 0 0
1951 483064331 0 0
1952 483064341 15 3
1953 483064332 2 0
1954 483064343 0 0
1955 483064244 52 7
1956 483064253 132 35
1957 483064263 486 25
1958 483064273 500 11
1959 483064362 151 22
1960 483064352 185 49
1961 483064342 130 38
1962 483064361 103 12
1963 483064371 149 11
1964 483064351 103 31
1965 483064372 661 22
1966 483064374 151 7
1967 483064354 79 19
1968 483064353 110 30
1969 483064364 6 1
1970 483064344 55 16
1971 483064363 55 11
1972 483064373 218 18
1973 483064452 230 59
1974 483064442 153 20
1975 483064472 556 49
1976 483064451 25 6
1977 483064462 37 4
1978 483064461 75 17
1979 483064471 137 13
1980 483064473 82 14
1981 483064444 32 0
1982 483064463 240 82
1983 483064474 119 13
1984 483064453 41 10
1985 483064454 9 2
1986 483064464 73 20
1987 483064542 0 0
1988 483064552 23 8
1989 483064561 84 36
1990 483064551 0 0
1991 483064572 78 27
1992 483064571 118 58
1993 483064541 1 0
1994 483064562 108 57
1995 483064334 0 0
1996 483064441 7 0
1997 483064432 0 0
1998 483064443 47 0
1999 483065634 689 34
2000 483065633 68 10
2001 483065623 98 11
2002 483065614 87 9
2003 483065721 197 9
2004 483065712 506 20
2005 483065722 119 9
2006 483065732 1732 61
2007 483064673 59 24
2008 483064663 21 11
2009 483064674 15 7
2010 483064654 1 0
2011 483064664 75 38
2012 483064762 35 15
2013 483064772 44 19
2014 483064761 3 1
2015 483064771 46 19
2016 483064763 3 1
2017 483065731 209 16
2018 483065734 596 20
2019 483065723 221 9
2020 483065714 145 6
2021 483065733 350 7
2022 483065724 633 26
2023 483064791 112 37
2024 483064784 0 0
2025 483065703 268 27
2026 483064783 9 4
2027 483065713 86 9
2028 483064794 421 45
2029 483065704 55 6
2030 483064793 82 16
2031 483064892 204 36
2032 483065801 227 35
2033 483065832 1208 118
2034 483065812 366 24
2035 483065831 221 9
2036 483065821 539 19
2037 483065822 1014 41
2038 483065823 315 26
2039 483065834 1132 116
2040 483065814 169 23
2041 483064891 96 31
2042 483065811 172 28
2043 483064881 68 20
2044 483065813 9 2
2045 483064893 184 102
2046 483064883 116 33
2047 483064884 32 17
2048 483064894 182 44
2049 483065804 127 22
2050 483064992 24 9
2051 483064764 42 17
2052 483064773 80 33
2053 483064774 17 7
2054 483064872 41 15
2055 483064871 22 9
2056 483064873 40 10
2057 483064874 83 21
2058 483064971 1 0
2059 483064972 31 8
2060 483064974 0 0
2061 483065833 203 12
2062 483065824 236 12
2063 483065912 12 2
2064 483065922 511 50
2065 483065921 71 8
2066 483065901 73 13
2067 483064981 74 37
2068 483064991 22 12
2069 483065902 20 3
2070 483065911 56 8
2071 483064982 47 27
2072 483064983 76 43
2073 483064984 35 20
2074 483065904 100 14
2075 483065903 71 19
2076 483065914 88 17
2077 483065924 614 72
2078 483065923 310 59
2079 483075021 550 115
2080 483065913 34 5
2081 483064994 126 43
2082 483064993 3 2
2083 483075011 77 18
2084 483075001 5 2
2085 483075002 21 5
2086 483074072 0 0
2087 483074092 2 1
2088 483074081 2 1
2089 483075013 2 1
2090 483075012 0 0
2091 483075003 77 26
2092 483075004 145 50
2093 483074094 47 16
2094 483075111 1046 271
2095 483074192 7 3
2096 483075101 24 8
2097 483075102 20 7
2098 483075104 6 2
2099 483075103 4 1
2100 483066102 3 1
2101 483066103 5 1
2102 483065184 18 4
2103 483065193 24 4
2104 483066104 27 11
2105 483065194 47 8
2106 483065282 76 15
2107 483066212 6 0
2108 483066201 9 2
2109 483065291 43 5
2110 483056861 6 1
2111 483056863 1 0
2112 483056854 3 0
2113 483066362 7 1
2114 483066364 4 0
2115 483066363 1 0
2116 483066481 65 7
2117 483066463 3 0
2118 483066454 19 2
2119 483066552 72 8
2120 483066343 6 1
2121 483066442 16 2
2122 483066432 1 0
2123 483066441 1 0
2124 483066444 7 1
2125 483066443 7 1
2126 483066542 35 4
2127 483066541 27 3
2128 483066532 14 1
2129 483066531 3 0
2130 483066571 25 3
2131 483066561 6 1
2132 483066563 21 2
2133 483066554 4 0
2134 483066671 6 1
2135 483066681 10 1
2136 483066662 12 1
2137 483066652 1 0
2138 483066673 2 0
2139 483066664 1 0
2140 483066551 15 2
2141 483066543 25 2
2142 483066544 107 12
2143 483066553 6 1
2144 483066642 1 0
2145 483066643 20 2
2146 483066614 6 0
2147 483066721 11 1
2148 483066712 39 2
2149 483066741 5 0
2150 483065584 52 11
2151 483065593 2 1
2152 483065583 105 18
2153 483065682 17 5
2154 483065691 2 1
2155 483065692 16 2
2156 483066601 27 2
2157 483065694 2 0
2158 483065684 42 11
2159 483066603 106 7
2160 483066604 3 0
2161 483065782 361 55
2162 483066711 27 2
2163 483065791 632 103
2164 483066702 26 2
2165 483066704 3 0
2166 483066723 4 0
2167 483066724 5 0
2168 483066822 8 0
2169 483066821 24 1
2170 483066831 21 1
2171 483066812 20 1
2172 483066834 41 3
2173 483066823 106 7
2174 483066833 56 3
2175 483066824 15 1
2176 483066663 1 0
2177 483066654 13 1
2178 483066683 7 1
2179 483066773 1 0
2180 483066784 7 1
2181 483066872 100 2
2182 483057981 17 4
2183 483057983 1 0
2184 483057974 12 3
2185 483067071 24 5
2186 483067062 6 1
2187 483067061 11 2
2188 483067081 2 1
2189 483067064 5 1
2190 483067073 4 1
2191 483067083 0 0
2192 483067113 1 0
2193 483067114 2 0
2194 483067204 4 0
2195 483067421 1 0
2196 483067413 1 0
2197 483067521 2 0
2198 483067613 0 0
2199 483066791 2 0
2200 483067711 3 0
2201 483067823 78 2
2202 483057824 13 0
2203 483057922 12 0
2204 483067132 5 0
2205 483067134 2 0
2206 483067351 2 0
2207 483067551 4 0
2208 483067553 4 0
2209 483067824 4 0
2210 483067181 2 1
2211 483067182 1 0
2212 483067152 1 0
2213 483067184 1 0
2214 483067284 0 0
2215 483067552 1 0
2216 483067554 2 0
2217 483067563 3 0
2218 483057984 4 1
2219 483066932 146 13
2220 483066922 21 1
2221 483066921 8 0
2222 483066931 108 7
2223 483075202 397 236
2224 483075201 0 0
