Mesh_ID1 Mesh_ID TOTPOP_H27 IND_AGRFOR
0 483015273 22 1
1 483015443 273 24
2 483015642 6 2
3 483015641 12 5
4 483015644 43 16
5 483015643 7 2
6 483025044 4 0
7 483025232 3 0
8 483025113 2 0
9 483025103 15 1
10 483025104 2 0
11 483025201 3 0
12 483015372 2 0
13 483015371 2 0
14 483015444 2 0
15 483015463 11 2
16 483015551 4 1
17 483015561 1 0
18 483015573 51 9
19 483015564 23 4
20 483025151 3 0
21 483025152 2 0
22 483025153 2 0
23 483025154 2 0
24 483025274 7 1
25 483025253 8 1
26 483025283 20 2
27 483025372 4 1
28 483025371 19 3
29 483025351 25 2
30 483025364 6 1
31 483025373 13 2
32 483025234 4 1
33 483025214 11 2
34 483025244 9 1
35 483025312 2 0
36 483025342 5 0
37 483025412 1 0
38 483025432 0 0
39 483025423 1 0
40 483025443 17 3
41 483025514 1 0
42 483016212 3 1
43 483016223 18 7
44 483016224 1 1
45 483016421 4 1
46 483016433 3 0
47 483016423 2 1
48 483016424 0 0
49 483016551 3 0
50 483016644 0 0
51 483016742 27 2
52 483016211 9 3
53 483016214 2 1
54 483016213 7 3
55 483016314 10 4
56 483016414 2 1
57 483016511 3 1
58 483016512 1 0
59 483016611 2 1
60 483015791 7 1
61 483015782 11 2
62 483026051 7 1
63 483026052 9 2
64 483026054 52 12
65 483026053 4 1
66 483027164 1 0
67 483027163 2 0
68 483027261 3 0
69 483027262 10 1
70 483027264 1 0
71 483027263 20 2
72 483027362 4 0
73 483027212 1 0
74 483026293 25 5
75 483027214 5 1
76 483027302 13 2
77 483027321 16 2
78 483026391 71 14
79 483027322 1 0
80 483027342 1 0
81 483027354 1 0
82 483027353 1 0
83 483027442 7 1
84 483027422 23 3
85 483027312 11 1
86 483027311 2 0
87 483027303 76 15
88 483027314 31 4
89 483027304 26 3
90 483027323 16 2
91 483026393 14 3
92 483026394 60 13
93 483027313 19 2
94 483027412 37 5
95 483027421 46 6
96 483026492 77 19
97 483026491 43 9
98 483027411 35 4
99 483027413 6 1
100 483027404 5 1
101 483027403 7 1
102 483027423 86 11
103 483026494 11 2
104 483026493 2 0
105 483027432 11 1
106 483027433 58 7
107 483027424 16 2
108 483027434 15 2
109 483027443 1 0
110 483027444 1 0
111 483027522 55 7
112 483027532 16 2
113 483027541 15 2
114 483027531 7 1
115 483027414 128 16
116 483027501 2 0
117 483027521 356 46
118 483026591 8 1
119 483027504 102 13
120 483027513 48 6
121 483027523 1 0
122 483026594 28 3
123 483027514 45 6
124 483026593 55 8
125 483027533 6 1
126 483027534 53 7
127 483027543 43 5
128 483027622 53 7
129 483027652 2 0
130 483027642 28 6
131 483027641 66 10
132 483027632 77 10
133 483027631 46 6
134 483027624 235 30
135 483027361 6 1
136 483027761 2 0
137 483027763 3 0
138 483027861 21 3
139 483027864 17 2
140 483027863 115 15
141 483027972 13 2
142 483027962 73 10
143 483027952 4 1
144 483027961 15 2
145 483027503 31 4
146 483027611 151 19
147 483027601 49 6
148 483027621 118 15
149 483027602 87 11
150 483026692 1 0
151 483026691 44 6
152 483027623 114 15
153 483026694 281 27
154 483027604 51 6
155 483016743 7 0
156 483016734 18 1
157 483016723 9 2
158 483016821 15 3
159 483016832 7 0
160 483016843 38 2
161 483016824 52 13
162 483016834 2 0
163 483016823 5 1
164 483016844 93 5
165 483015794 12 2
166 483015793 5 1
167 483015891 1 0
168 483016814 6 1
169 483016813 5 0
170 483015894 12 2
171 483015992 21 3
172 483015991 2 0
173 483016912 27 7
174 483015993 13 2
175 483016833 2 0
176 483016932 12 1
177 483016941 96 6
178 483016942 34 3
179 483016921 14 3
180 483016922 15 4
181 483016944 144 21
182 483016934 26 4
183 483016943 147 14
184 483016953 3 1
185 483016904 8 1
186 483015984 4 1
187 483016913 8 1
188 483026012 4 0
189 483026011 1 0
190 483025082 6 1
191 483026002 65 5
192 483026013 10 1
193 483026004 60 3
194 483026014 1 0
195 483026041 43 4
196 483026032 25 4
197 483026042 86 14
198 483026034 75 6
199 483026044 111 19
200 483026043 23 2
201 483026131 1 0
202 483026132 47 2
203 483026144 36 6
204 483026133 73 6
205 483026063 17 4
206 483026151 16 3
207 483026152 24 5
208 483026171 84 16
209 483026162 3 1
210 483026161 22 5
211 483026164 7 1
212 483026154 88 17
213 483026153 3 1
214 483026173 10 1
215 483026112 3 0
216 483026102 11 1
217 483026111 72 5
218 483025194 5 0
219 483026114 76 6
220 483026113 84 6
221 483026211 121 7
222 483026212 57 4
223 483025291 24 3
224 483025284 16 2
225 483026163 57 13
226 483026262 54 7
227 483026271 9 1
228 483026252 53 10
229 483026251 59 9
230 483026261 37 7
231 483026272 9 1
232 483026274 19 2
233 483026273 18 2
234 483026263 98 14
235 483026124 7 1
236 483026143 2 0
237 483026134 47 2
238 483026242 45 7
239 483026232 1 0
240 483026222 5 1
241 483026231 31 2
242 483026221 6 1
243 483026223 56 5
244 483026243 20 3
245 483026264 52 7
246 483026253 35 5
247 483026254 28 4
248 483026283 8 1
249 483026361 181 18
250 483026382 66 12
251 483026381 12 1
252 483026371 174 13
253 483026351 153 8
254 483026362 25 3
255 483120102 1 0
256 483120203 7 1
257 483120204 3 0
258 483120313 7 1
259 483120421 16 2
260 483120412 4 1
261 483120414 1 0
262 483120054 3 0
263 483120152 1 0
264 483120154 9 1
265 483120251 10 1
266 483120242 6 1
267 483120253 3 0
268 483120244 4 1
269 483120243 1 0
270 483120254 1 0
271 483120341 1 0
272 483120423 1 0
273 483120413 4 1
274 483120512 8 1
275 483120502 6 1
276 483120514 1 0
277 483037194 1 0
278 483037193 33 4
279 483130114 5 1
280 483130113 2 0
281 483037292 8 1
282 483120351 3 0
283 483120332 1 0
284 483120333 1 0
285 483120324 7 1
286 483120422 5 1
287 483130222 3 0
288 483130233 1 0
289 483130741 9 3
290 483130732 4 0
291 483026214 13 1
292 483026213 106 5
293 483025293 112 14
294 483026301 5 0
295 483026312 157 5
296 483025382 47 5
297 483026311 173 6
298 483025381 24 2
299 483026302 33 1
300 483025391 88 11
301 483026224 53 6
302 483026244 44 7
303 483026234 63 6
304 483026233 148 12
305 483026331 7 1
306 483026342 67 7
307 483026322 242 18
308 483026332 231 26
309 483026341 14 2
310 483026321 108 7
311 483026372 473 35
312 483026352 428 23
313 483026373 456 16
314 483026383 49 2
315 483026363 391 20
316 483026354 623 28
317 483026374 134 4
318 483026353 315 14
319 483026364 98 7
320 483026384 17 3
321 483025384 5 0
322 483025393 36 5
323 483025383 30 2
324 483026313 343 12
325 483026304 258 10
326 483026303 34 3
327 483026314 309 7
328 483026412 73 2
329 483026411 848 24
330 483026402 582 13
331 483026333 22 2
332 483026334 62 7
333 483026344 96 5
334 483026343 20 2
335 483026324 99 8
336 483026323 106 4
337 483026432 13 2
338 483026422 38 4
339 483026442 293 22
340 483026431 32 4
341 483025482 61 3
342 483025491 21 2
343 483025492 12 1
344 483026401 121 4
345 483026414 122 4
346 483025494 166 10
347 483026403 72 3
348 483025493 65 3
349 483025484 479 27
350 483026404 888 11
351 483026461 395 24
352 483026481 71 6
353 483026471 316 17
354 483026452 64 4
355 483026462 67 6
356 483026451 36 3
357 483026472 142 5
358 483026482 83 15
359 483026474 120 10
360 483026463 34 3
361 483026421 68 2
362 483026441 6 1
363 483026434 11 1
364 483026433 21 2
365 483026423 140 5
366 483026424 13 1
367 483026522 48 5
368 483026542 129 34
369 483026532 50 6
370 483026541 55 11
371 483026484 15 2
372 483026483 64 6
373 483026464 57 5
374 483026473 45 3
375 483026582 101 14
376 483026571 30 3
377 483026572 27 3
378 483026581 159 17
379 483026562 101 10
380 483026561 60 6
381 483025374 45 7
382 483025354 5 0
383 483025452 5 0
384 483025471 3 0
385 483025472 22 2
386 483025481 94 7
387 483025483 59 3
388 483025573 5 0
389 483025574 24 2
390 483025681 105 7
391 483025213 4 0
392 483024481 2 0
393 483024483 2 0
394 483025413 6 0
395 483024581 8 1
396 483025511 6 1
397 483024582 22 1
398 483025504 10 1
399 483025503 2 0
400 483025602 8 1
401 483025642 4 1
402 483025672 36 1
403 483025671 1 0
404 483025673 57 3
405 483025664 29 2
406 483025674 554 19
407 483025762 53 4
408 483025761 6 1
409 483025772 560 15
410 483025771 301 15
411 483025641 1 0
412 483025632 15 3
413 483025633 79 15
414 483025644 77 15
415 483025643 16 3
416 483025721 11 2
417 483025731 44 8
418 483025722 79 15
419 483025742 1 0
420 483025733 17 3
421 483025752 5 1
422 483025764 66 4
423 483025753 1 0
424 483025774 679 25
425 483025754 50 7
426 483025773 93 4
427 483025763 246 15
428 483025862 7 0
429 483025871 4 0
430 483025872 149 9
431 483025724 9 2
432 483025842 20 4
433 483025812 19 1
434 483025833 36 7
435 483025814 26 2
436 483025931 4 1
437 483025932 11 2
438 483025912 59 4
439 483025942 4 1
440 483025922 21 1
441 483024782 32 2
442 483024791 4 0
443 483024793 0 0
444 483025713 9 1
445 483024794 8 0
446 483025811 21 1
447 483025802 20 1
448 483025911 1 0
449 483025902 32 2
450 483025903 8 0
451 483025861 58 4
452 483025851 17 3
453 483025852 48 4
454 483025854 102 6
455 483025874 27 2
456 483025853 384 24
457 483025951 0 0
458 483025954 29 2
459 483025963 24 1
460 483035081 16 1
461 483025924 11 1
462 483025914 265 16
463 483035032 2 0
464 483035012 66 4
465 483035021 199 12
466 483035044 4 0
467 483035023 2 0
468 483035024 20 1
469 483035033 1 0
470 483035034 22 1
471 483024993 1 0
472 483024994 0 0
473 483035011 24 1
474 483034092 5 0
475 483035004 9 1
476 483035003 3 0
477 483035101 16 1
478 483034193 10 1
479 483034184 16 1
480 483035103 2 0
481 483034194 14 1
482 483034282 2 0
483 483034281 4 0
484 483034384 65 3
485 483034383 250 4
486 483034394 16 1
487 483034272 135 11
488 483035141 1 0
489 483035121 22 1
490 483035131 11 1
491 483035133 22 1
492 483035222 1 0
493 483035224 43 3
494 483035412 5 0
495 483035612 3 0
496 483035623 1 0
497 483035721 33 3
498 483035063 32 2
499 483035083 5 0
500 483035261 2 0
501 483035263 22 1
502 483035361 4 0
503 483035363 32 2
504 483035364 16 1
505 483035461 1 0
506 483035462 15 1
507 483035853 1 0
508 483034492 5 0
509 483035511 45 4
510 483035513 12 1
511 483034583 89 5
512 483035503 17 1
513 483034682 19 1
514 483034684 23 0
515 483034791 153 12
516 483034793 134 11
517 483034794 3 0
518 483034892 14 1
519 483035803 27 2
520 483034883 103 3
521 483035911 14 1
522 483035902 27 2
523 483034981 2 0
524 483034983 17 1
525 483044083 30 1
526 483044181 36 1
527 483045103 2 0
528 483045201 55 1
529 483045202 0 0
530 483035842 7 1
531 483035844 10 1
532 483045121 6 0
533 483045122 31 2
534 483045241 10 0
535 483045232 1 0
536 483045332 8 0
537 483045412 18 1
538 483045414 3 0
539 483045423 11 1
540 483045411 1 0
541 483045532 1 0
542 483045521 9 0
543 483045523 51 1
544 483045544 3 0
545 483045543 5 0
546 483045621 10 0
547 483045622 39 0
548 483045642 5 0
549 483045623 20 0
550 483045624 113 1
551 483044772 5 1
552 483044782 6 1
553 483044784 35 4
554 483044783 72 9
555 483044774 68 9
556 483044882 23 3
557 483044881 46 6
558 483044872 16 4
559 483044891 24 3
560 483044892 28 4
561 483044422 143 27
562 483044424 8 1
563 483044522 12 1
564 483044664 22 3
565 483044673 1 0
566 483044663 64 8
567 483044532 14 1
568 483044521 888 208
569 483044523 270 51
570 483044524 9 1
571 483044533 20 2
572 483044631 27 3
573 483044633 21 2
574 483044634 10 1
575 483044771 51 7
576 483044742 37 2
577 483044762 66 9
578 483044773 8 1
579 483044743 120 7
580 483044744 31 2
581 483044841 186 10
582 483044861 51 6
583 483044842 89 5
584 483044852 14 1
585 483044731 7 1
586 483044732 56 5
587 483044741 2 0
588 483044734 20 2
589 483044941 17 1
590 483044943 32 3
591 483044871 81 23
592 483044851 3 0
593 483044863 10 2
594 483044844 172 13
595 483044853 153 12
596 483044854 35 3
597 483044864 4 1
598 483044843 24 2
599 483044951 36 3
600 483044942 1 0
601 483046161 5 1
602 483046174 5 1
603 483046281 10 1
604 483046283 2 0
605 483046372 8 1
606 483046373 34 4
607 483046462 3 0
608 483046472 2 0
609 483046571 2 0
610 483046662 24 3
611 483036951 26 6
612 483036921 2 0
613 483046253 7 2
614 483046753 63 9
615 483046734 1 0
616 483046744 9 1
617 483046832 1 0
618 483046851 28 4
619 483046822 1 0
620 483046824 2 0
621 483045083 0 0
622 483045172 3 0
623 483045171 8 1
624 483045183 12 1
625 483045481 5 1
626 483045763 17 0
627 483045754 12 0
628 483045852 37 1
629 483045854 28 1
630 483055062 4 0
631 483045084 1 0
632 483045382 6 1
633 483045384 3 0
634 483045491 1 0
635 483055184 10 1
636 483055282 6 1
637 483056213 4 1
638 483056312 3 1
639 483055382 0 0
640 483055394 1 0
641 483046761 33 3
642 483046752 0 0
643 483046754 42 5
644 483046763 132 14
645 483046852 10 1
646 483046861 65 7
647 483046874 2 0
648 483046883 3 0
649 483046981 3 0
650 483046972 12 1
651 483046984 2 0
652 483056062 1 0
653 483056081 18 2
654 483056083 2 0
655 483056182 14 1
656 483056183 11 1
657 483056281 25 3
658 483056282 24 2
659 483056283 93 10
660 483056284 62 6
661 483046931 3 0
662 483046943 6 1
663 483046933 11 2
664 483056034 2 0
665 483056033 2 0
666 483056131 1 0
667 483056133 4 0
668 483056243 4 0
669 483056323 6 1
670 483056324 13 2
671 483056381 20 2
672 483056382 43 4
673 483056383 16 2
674 483056482 8 1
675 483056484 5 1
676 483056762 4 0
677 483056771 4 0
678 483056773 2 0
679 483056774 2 0
680 483056872 6 1
681 483056314 11 1
682 483055393 2 0
683 483056313 6 1
684 483055384 2 0
685 483056804 3 0
686 483056902 12 1
687 483056904 25 2
688 483066002 2 0
689 483065084 0 0
690 483065182 51 12
691 483056431 1 0
692 483056433 3 0
693 483056832 1 0
694 483056834 3 0
695 483056843 1 0
696 483066221 4 2
697 483066244 21 3
698 483066223 0 0
699 483066341 11 1
700 483066342 18 2
701 483044874 34 10
702 483045803 8 1
703 483044894 63 9
704 483044883 4 1
705 483044893 9 1
706 483044972 19 6
707 483045902 8 1
708 483045901 27 4
709 483044994 12 1
710 483045904 5 0
711 483045721 18 0
712 483045814 6 0
713 483045912 16 0
714 483045914 32 0
715 483055012 14 0
716 483055014 6 0
717 483055112 48 1
718 483055121 5 0
719 483055114 34 0
720 483055123 135 1
721 483044993 4 0
722 483045913 52 1
723 483045903 9 1
724 483054092 80 7
725 483054091 54 5
726 483055013 10 0
727 483054093 23 2
728 483055111 102 1
729 483055113 18 0
730 483055211 7 0
731 483055064 3 0
732 483055161 5 0
733 483055152 39 1
734 483055154 56 1
735 483055153 5 0
736 483055163 38 1
737 483055252 2 0
738 483055261 17 0
739 483055251 32 1
740 483055263 34 1
741 483055222 143 1
742 483055232 10 0
743 483055242 33 1
744 483055241 11 0
745 483055221 79 0
746 483055231 14 0
747 483055233 127 1
748 483055234 71 1
749 483055223 3 0
750 483055224 90 1
751 483054252 24 0
752 483054262 270 19
753 483054264 360 25
754 483054254 0 0
755 483054263 166 10
756 483054273 10 2
757 483054362 252 39
758 483054361 3 0
759 483054352 1 0
760 483054371 87 16
761 483055341 28 0
762 483055342 6 0
763 483055322 35 0
764 483055321 2 0
765 483055331 76 1
766 483055332 64 1
767 483055323 34 0
768 483055324 8 0
769 483055421 14 0
770 483055423 3 0
771 483054364 47 9
772 483054373 30 5
773 483054363 0 0
774 483054472 132 10
775 483054471 94 10
776 483054452 4 0
777 483054462 6 1
778 483054461 6 1
779 483054474 213 17
780 483054464 2 1
781 483055202 9 0
782 483054483 4 0
783 483055413 0 0
784 483054581 128 10
785 483054584 0 0
786 483054583 267 18
787 483054682 58 3
788 483054681 108 8
789 483055611 41 1
790 483054684 120 7
791 483054473 75 13
792 483054463 7 2
793 483054454 0 0
794 483054561 57 16
795 483054552 29 8
796 483054571 82 17
797 483054562 36 9
798 483054572 6 0
799 483054563 33 10
800 483054574 7 1
801 483026413 406 7
802 483026501 400 5
803 483026502 418 4
804 483025581 62 4
805 483025582 334 10
806 483026511 93 1
807 483025591 697 12
808 483026512 50 2
809 483025592 752 15
810 483025583 214 8
811 483026521 129 6
812 483026531 74 9
813 483026524 63 5
814 483026533 23 3
815 483026534 160 19
816 483026523 29 1
817 483026622 150 6
818 483026642 1 0
819 483026641 50 4
820 483026632 52 5
821 483026563 0 0
822 483026554 19 2
823 483026583 18 2
824 483026573 34 4
825 483026584 79 11
826 483026564 38 4
827 483026574 122 15
828 483026661 39 4
829 483026652 92 10
830 483026681 47 6
831 483026503 672 6
832 483025584 212 6
833 483025594 284 5
834 483026514 274 6
835 483025593 939 19
836 483026513 577 6
837 483026504 1052 3
838 483025682 751 26
839 483026611 1636 25
840 483026602 929 14
841 483025692 37 1
842 483025691 168 8
843 483026601 735 14
844 483026612 574 9
845 483025683 270 12
846 483025684 337 17
847 483026613 833 17
848 483026604 689 10
849 483025693 157 9
850 483025694 395 6
851 483026621 219 3
852 483026631 9 1
853 483026643 42 4
854 483026653 166 9
855 483026633 239 13
856 483026624 309 7
857 483026644 1 0
858 483026634 61 6
859 483026623 417 6
860 483026741 84 7
861 483026672 101 13
862 483026682 28 5
863 483026654 47 5
864 483026684 35 7
865 483026673 52 5
866 483026683 5 1
867 483026663 23 3
868 483026674 7 1
869 483026664 8 1
870 483026781 2 0
871 483026603 261 4
872 483026614 848 15
873 483026711 491 11
874 483026702 570 9
875 483025792 139 6
876 483026701 341 6
877 483025781 454 12
878 483026712 80 2
879 483025782 71 3
880 483025791 253 15
881 483026762 125 9
882 483026761 46 5
883 483026752 105 9
884 483026782 4 1
885 483026772 44 6
886 483026771 393 40
887 483026774 156 20
888 483026764 4 0
889 483026783 6 1
890 483026763 48 3
891 483026732 68 6
892 483026742 105 4
893 483026721 96 2
894 483026722 67 1
895 483026751 194 4
896 483026731 100 6
897 483026734 26 2
898 483026724 152 4
899 483026723 285 8
900 483026744 7 0
901 483027614 23 3
902 483027603 104 13
903 483027613 2 0
904 483026693 197 26
905 483027721 146 19
906 483026791 53 6
907 483026792 98 9
908 483027702 190 24
909 483027712 179 23
910 483027701 240 30
911 483027654 12 2
912 483027644 71 14
913 483027634 12 1
914 483027643 14 3
915 483027653 8 2
916 483027633 21 3
917 483027742 76 15
918 483027752 3 1
919 483027722 45 6
920 483027741 4 1
921 483027732 45 8
922 483027731 3 0
923 483027751 86 17
924 483027743 21 4
925 483027753 45 8
926 483027754 42 6
927 483027734 20 4
928 483027744 82 16
929 483027724 196 25
930 483027733 18 3
931 483027711 8 1
932 483027703 74 9
933 483026794 41 4
934 483027713 251 28
935 483027704 127 10
936 483027714 804 103
937 483027723 73 9
938 483027812 859 33
939 483027811 458 23
940 483026892 0 0
941 483026891 6 1
942 483027802 176 11
943 483027821 651 28
944 483026882 42 6
945 483027803 34 4
946 483026894 57 7
947 483027804 7 1
948 483026893 42 6
949 483027823 633 19
950 483027813 52 7
951 483027851 16 2
952 483027831 113 21
953 483027841 95 17
954 483027832 207 41
955 483027842 198 32
956 483027822 121 6
957 483027852 91 12
958 483027843 230 30
959 483027853 63 8
960 483027833 1 0
961 483027824 310 14
962 483027854 10 1
963 483027834 53 7
964 483027844 410 53
965 483027942 89 12
966 483027951 81 11
967 483027941 71 9
968 483027932 8 1
969 483027922 221 16
970 483027931 77 13
971 483027814 449 43
972 483026884 7 1
973 483027921 10 0
974 483027901 65 9
975 483027911 19 3
976 483026992 378 50
977 483026991 4 1
978 483027902 106 14
979 483027912 7 1
980 483027904 17 2
981 483027973 74 10
982 483027963 59 8
983 483027954 164 22
984 483027964 193 26
985 483037072 65 8
986 483037071 88 12
987 483037052 67 9
988 483037061 24 3
989 483037081 6 1
990 483037062 188 25
991 483027924 24 4
992 483027943 77 10
993 483027934 42 6
994 483027953 23 3
995 483027944 21 3
996 483027933 90 16
997 483037042 43 5
998 483037031 41 7
999 483037041 115 14
1000 483037051 23 3
1001 483025783 366 12
1002 483026703 153 5
1003 483026704 20 1
1004 483026713 153 13
1005 483025793 125 8
1006 483026714 27 2
1007 483025784 45 4
1008 483025794 133 7
1009 483025891 79 6
1010 483026812 4 0
1011 483026754 36 3
1012 483026784 13 2
1013 483026773 24 3
1014 483026881 45 6
1015 483026872 10 1
1016 483026851 14 1
1017 483026852 17 1
1018 483026854 29 3
1019 483026883 68 9
1020 483026863 21 4
1021 483026753 47 1
1022 483026733 49 5
1023 483026743 144 13
1024 483026831 90 8
1025 483026821 3 0
1026 483026822 8 0
1027 483026842 47 5
1028 483026841 73 5
1029 483026832 96 5
1030 483026843 358 23
1031 483026811 56 5
1032 483025892 296 17
1033 483026801 26 2
1034 483025881 64 8
1035 483025882 11 1
1036 483025883 136 18
1037 483025893 63 15
1038 483026814 4 0
1039 483025894 10 1
1040 483026813 115 11
1041 483026823 7 1
1042 483026833 6 1
1043 483026824 45 4
1044 483026844 120 15
1045 483026834 38 3
1046 483026942 99 12
1047 483026941 54 3
1048 483026922 34 3
1049 483026931 16 2
1050 483026912 378 35
1051 483025884 60 12
1052 483025992 61 3
1053 483025991 44 9
1054 483026911 170 16
1055 483026902 18 2
1056 483025981 48 9
1057 483025982 25 4
1058 483025994 138 12
1059 483026913 324 30
1060 483026904 61 6
1061 483026853 227 19
1062 483026962 48 15
1063 483026982 9 1
1064 483026961 46 19
1065 483026951 62 8
1066 483026971 53 13
1067 483026952 18 4
1068 483026954 10 3
1069 483026974 63 17
1070 483026963 16 7
1071 483026921 59 5
1072 483026932 1 0
1073 483026943 2 0
1074 483026933 7 1
1075 483026934 1 0
1076 483026914 33 3
1077 483026944 5 1
1078 483026924 26 2
1079 483026923 26 2
1080 483036051 122 14
1081 483025984 20 3
1082 483025993 25 3
1083 483025983 1 0
1084 483035091 56 7
1085 483035082 25 3
1086 483035092 46 5
1087 483036011 38 4
1088 483035084 49 5
1089 483036013 5 0
1090 483035094 50 6
1091 483026984 26 3
1092 483026973 29 11
1093 483036072 3 1
1094 483036081 2 0
1095 483036082 7 1
1096 483036052 7 1
1097 483036061 26 10
1098 483036084 16 2
1099 483036064 13 5
1100 483036083 41 7
1101 483026994 176 23
1102 483026993 6 1
1103 483027903 68 9
1104 483027914 11 1
1105 483027923 3 0
1106 483027913 83 11
1107 483037012 2 0
1108 483037001 14 2
1109 483036091 21 3
1110 483037011 38 5
1111 483037032 109 14
1112 483037022 20 3
1113 483037043 607 60
1114 483037044 414 44
1115 483037053 71 9
1116 483037024 38 6
1117 483037034 145 14
1118 483037033 7 1
1119 483037142 589 58
1120 483037122 25 4
1121 483036092 188 25
1122 483037021 0 0
1123 483036094 6 1
1124 483037023 3 0
1125 483037013 17 2
1126 483036093 38 5
1127 483037014 106 17
1128 483037102 9 1
1129 483037121 65 10
1130 483037112 118 18
1131 483037074 50 6
1132 483037063 89 12
1133 483037064 8 1
1134 483037084 26 3
1135 483037054 89 12
1136 483037073 74 10
1137 483037083 49 6
1138 483037152 32 4
1139 483037171 20 3
1140 483037181 19 2
1141 483037172 30 3
1142 483037162 38 5
1143 483037182 57 7
1144 483037161 12 2
1145 483037174 69 7
1146 483037164 31 3
1147 483037173 31 3
1148 483037163 25 2
1149 483037184 52 6
1150 483037183 133 15
1151 483037151 357 41
1152 483037132 40 4
1153 483037141 143 14
1154 483037124 8 1
1155 483037143 82 8
1156 483037134 35 4
1157 483037153 804 81
1158 483037133 28 4
1159 483037144 505 50
1160 483037251 63 8
1161 483037111 23 3
1162 483036191 4 1
1163 483037114 23 3
1164 483037123 229 36
1165 483037104 5 1
1166 483036193 17 2
1167 483037103 5 1
1168 483037113 26 3
1169 483037202 3 0
1170 483037212 39 6
1171 483037154 200 24
1172 483037252 289 29
1173 483037262 16 2
1174 483037281 76 9
1175 483037272 7 1
1176 483037282 44 5
1177 483037261 251 25
1178 483037271 13 1
1179 483037283 7 1
1180 483037273 42 4
1181 483037222 15 2
1182 483037232 46 5
1183 483037242 81 9
1184 483037241 18 2
1185 483037231 146 23
1186 483037224 40 6
1187 483037233 8 1
1188 483037244 42 6
1189 483037234 58 6
1190 483037253 102 15
1191 483130201 1 0
1192 483037291 94 11
1193 483130204 25 3
1194 483130213 21 2
1195 483037284 252 29
1196 483037293 100 12
1197 483037294 212 25
1198 483037392 47 5
1199 483130302 15 2
1200 483130301 64 7
1201 483037263 83 11
1202 483037274 15 2
1203 483037254 85 12
1204 483037264 48 5
1205 483037362 32 4
1206 483037361 78 11
1207 483037352 174 25
1208 483037381 129 15
1209 483037371 135 14
1210 483037372 67 8
1211 483037243 57 6
1212 483037332 121 12
1213 483037322 19 3
1214 483037341 24 2
1215 483037342 71 10
1216 483037351 468 68
1217 483037343 25 3
1218 483037344 212 30
1219 483037353 37 5
1220 483037333 0 0
1221 483037221 113 18
1222 483037223 9 1
1223 483037214 20 3
1224 483037312 9 1
1225 483037321 58 9
1226 483037314 24 4
1227 483037413 0 0
1228 483037414 8 1
1229 483037404 15 2
1230 483037521 2 0
1231 483037382 445 52
1232 483037391 222 26
1233 483037384 402 47
1234 483037394 125 15
1235 483130303 55 6
1236 483130304 3 0
1237 483037393 21 2
1238 483037491 54 6
1239 483130401 4 0
1240 483130402 9 1
1241 483037373 3 0
1242 483037363 5 1
1243 483037354 26 4
1244 483037383 267 31
1245 483037364 33 4
1246 483037374 170 20
1247 483037462 36 5
1248 483037481 49 5
1249 483037461 12 2
1250 483037452 30 4
1251 483037471 56 8
1252 483037472 43 6
1253 483037482 110 13
1254 483037454 6 1
1255 483037463 23 3
1256 483037473 60 9
1257 483037484 14 2
1258 483037483 122 12
1259 483037474 46 6
1260 483037464 6 1
1261 483037334 11 1
1262 483037451 10 2
1263 483037431 2 0
1264 483037441 60 8
1265 483037432 11 1
1266 483037442 21 3
1267 483037453 26 4
1268 483037443 40 6
1269 483037542 14 2
1270 483037532 65 9
1271 483037492 13 2
1272 483037493 13 2
1273 483037494 30 3
1274 483130403 15 2
1275 483037592 27 3
1276 483037591 15 2
1277 483037594 37 5
1278 483037593 169 23
1279 483037682 7 0
1280 483037692 21 3
1281 483037552 3 1
1282 483037582 338 27
1283 483037561 40 6
1284 483037562 24 4
1285 483037581 17 2
1286 483037564 22 3
1287 483037554 0 0
1288 483037573 1 0
1289 483037563 10 2
1290 483037584 164 8
1291 483037541 2 0
1292 483037551 19 3
1293 483037544 7 1
1294 483037534 26 4
1295 483037524 5 0
1296 483037543 0 0
1297 483037651 20 3
1298 483037622 6 1
1299 483037631 3 0
1300 483037641 6 1
1301 483036042 25 3
1302 483036031 27 3
1303 483036021 104 10
1304 483036012 405 38
1305 483036022 0 0
1306 483036053 416 52
1307 483036023 29 3
1308 483036024 27 3
1309 483036033 4 0
1310 483036014 16 2
1311 483035093 1 0
1312 483035192 126 15
1313 483036111 74 7
1314 483036112 26 2
1315 483036101 14 2
1316 483036114 40 4
1317 483036103 58 7
1318 483035194 2 0
1319 483036113 13 1
1320 483036212 0 0
1321 483036054 22 3
1322 483036172 15 5
1323 483036152 74 10
1324 483036181 17 2
1325 483036163 45 7
1326 483036154 51 7
1327 483036184 24 3
1328 483036183 3 0
1329 483036261 26 4
1330 483036282 9 1
1331 483036044 10 1
1332 483036122 21 2
1333 483036151 32 4
1334 483036121 11 1
1335 483036124 1 0
1336 483036133 15 1
1337 483036222 22 2
1338 483036231 20 2
1339 483036224 35 3
1340 483036233 13 1
1341 483036262 110 18
1342 483036271 7 1
1343 483036252 3 0
1344 483036264 24 4
1345 483036273 41 7
1346 483036372 86 13
1347 483036362 2 0
1348 483036371 26 4
1349 483036373 32 4
1350 483036374 10 1
1351 483036201 3 0
1352 483036211 5 0
1353 483036203 9 1
1354 483036301 3 0
1355 483035392 8 1
1356 483035394 23 3
1357 483035492 7 1
1358 483035494 2 0
1359 483035594 48 6
1360 483036513 3 0
1361 483036472 25 3
1362 483036471 10 1
1363 483036474 66 9
1364 483036483 15 2
1365 483036572 2 0
1366 483036571 2 0
1367 483036671 46 1
1368 483036672 6 0
1369 483036674 120 3
1370 483036664 2 0
1371 483036321 4 0
1372 483036324 19 2
1373 483036432 12 1
1374 483036434 25 2
1375 483036541 22 2
1376 483036641 2 0
1377 483036632 8 1
1378 483036644 8 1
1379 483036821 22 2
1380 483036823 9 1
1381 483036514 6 1
1382 483035692 21 2
1383 483036612 2 0
1384 483035694 33 4
1385 483036713 1 0
1386 483036811 1 0
1387 483036812 3 0
1388 483035992 1 0
1389 483036901 7 1
1390 483045082 7 1
1391 483036762 11 1
1392 483036771 85 5
1393 483036773 19 1
1394 483036774 36 1
1395 483036872 11 0
1396 483036862 9 1
1397 483036871 5 0
1398 483036873 12 1
1399 483036952 22 5
1400 483036971 0 0
1401 483037684 10 1
1402 483037694 8 1
1403 483130603 18 2
1404 483130702 12 1
1405 483130701 13 1
1406 483130704 223 23
1407 483130703 4 0
1408 483130802 77 8
1409 483130812 3 0
1410 483130811 4 0
1411 483130744 38 13
1412 483130733 11 2
1413 483130743 45 15
1414 483130734 63 8
1415 483130821 3 1
1416 483130851 1 0
1417 483130822 21 5
1418 483130841 55 13
1419 483130832 75 10
1420 483130831 129 24
1421 483130963 4 1
1422 483140061 4 1
1423 483140062 0 0
1424 483130842 23 8
1425 483130833 95 21
1426 483130844 18 5
1427 483130834 62 13
1428 483130853 11 4
1429 483130843 56 10
1430 483130951 15 4
1431 483130942 2 1
1432 483130931 14 3
1433 483130934 3 1
1434 483130954 26 7
1435 483130953 6 2
1436 483140052 6 2
1437 483140031 7 2
1438 483140051 15 4
1439 483140054 0 0
1440 483140332 1 0
1441 483140334 1 0
1442 483140343 0 0
1443 483140432 1 0
1444 483140013 5 1
1445 483140102 9 2
1446 483140111 0 0
1447 483140113 3 0
1448 483140213 10 1
1449 483140311 5 0
1450 483140313 26 2
1451 483140414 1 0
1452 483140512 37 1
1453 483140514 12 1
1454 483140611 1 0
1455 483140612 4 0
1456 483140613 1 0
1457 483140711 9 0
1458 483047791 0 0
1459 483047784 3 0
1460 483140703 11 1
1461 483140713 1 0
1462 483140704 11 0
1463 483140801 2 0
1464 483037642 14 2
1465 483037632 10 1
1466 483037653 22 3
1467 483037643 9 1
1468 483037634 4 1
1469 483037633 18 2
1470 483037741 9 1
1471 483037732 6 1
1472 483037751 13 2
1473 483037731 0 0
1474 483037662 7 1
1475 483037661 9 1
1476 483037654 5 1
1477 483037664 17 3
1478 483037663 22 3
1479 483037673 3 1
1480 483037761 9 1
1481 483037782 12 1
1482 483037754 2 0
1483 483037784 30 2
1484 483037733 18 2
1485 483037753 30 4
1486 483037734 1 0
1487 483037851 7 1
1488 483037831 11 1
1489 483037842 2 0
1490 483037833 7 1
1491 483037844 9 1
1492 483037942 10 2
1493 483037922 2 0
1494 483037783 2 0
1495 483037881 23 2
1496 483037883 8 1
1497 483037972 21 2
1498 483037983 4 0
1499 483037974 12 1
1500 483047081 6 1
1501 483047072 11 1
1502 483047083 4 0
1503 483047074 11 1
1504 483037513 39 6
1505 483037623 4 1
1506 483037903 12 3
1507 483046092 9 2
1508 483047001 5 1
1509 483046091 5 1
1510 483046384 5 0
1511 483046794 5 0
1512 483046894 6 1
1513 483046893 4 0
1514 483037944 22 3
1515 483037924 1 0
1516 483047042 5 1
1517 483047043 1 0
1518 483047532 3 0
1519 483047541 3 0
1520 483047534 3 0
1521 483047633 2 0
1522 483047634 5 1
1523 483047741 1 0
1524 483047181 2 0
1525 483047172 13 2
1526 483047174 6 1
1527 483047173 2 0
1528 483047272 2 0
1529 483047473 2 0
1530 483047783 3 0
1531 483047881 0 0
1532 483047874 3 0
1533 483057972 4 0
1534 483047742 1 0
1535 483047732 4 0
1536 483047744 1 0
1537 483047734 2 0
1538 483047831 1 0
1539 483047832 1 0
1540 483057424 5 0
1541 483057434 1 0
1542 483057522 13 1
1543 483057531 10 1
1544 483046993 3 0
1545 483057002 5 0
1546 483057011 3 0
1547 483057001 1 0
1548 483056184 16 2
1549 483056384 3 0
1550 483056591 2 0
1551 483057801 3 0
1552 483056892 2 0
1553 483057823 13 1
1554 483057803 2 0
1555 483056894 3 0
1556 483056992 3 0
1557 483056993 1 0
1558 483057903 1 0
1559 483057923 10 2
1560 483056994 2 0
1561 483067021 15 3
1562 483067014 1 0
1563 483067112 5 1
1564 483140431 5 1
1565 483140423 2 0
1566 483140532 6 1
1567 483140522 7 1
1568 483140521 11 1
1569 483140523 1 0
1570 483140524 1 0
1571 483140534 1 0
1572 483140631 11 2
1573 483044962 36 10
1574 483044961 50 11
1575 483054044 27 2
1576 483054151 83 9
1577 483054142 9 1
1578 483054153 1 0
1579 483054163 198 12
1580 483054154 469 13
1581 483054164 181 23
1582 483054261 673 14
1583 483044934 54 5
1584 483044933 1 0
1585 483054041 116 10
1586 483054032 57 5
1587 483054043 32 3
1588 483054743 5 2
1589 483054841 216 79
1590 483054832 23 8
1591 483054941 153 66
1592 483054932 8 4
1593 483054674 194 20
1594 483054673 242 18
1595 483054663 132 36
1596 483054742 3 1
1597 483054752 62 10
1598 483054761 41 10
1599 483054762 495 65
1600 483054751 24 2
1601 483054772 242 14
1602 483054771 167 7
1603 483054754 155 12
1604 483054744 47 8
1605 483054753 80 6
1606 483054774 333 13
1607 483054764 62 5
1608 483054773 7 0
1609 483054763 266 45
1610 483054862 6 0
1611 483054871 1 0
1612 483054852 286 39
1613 483054872 356 13
1614 483054842 99 16
1615 483054851 159 17
1616 483054861 148 9
1617 483054844 11 4
1618 483054843 1 0
1619 483054854 58 9
1620 483054864 167 7
1621 483054873 389 8
1622 483054863 221 12
1623 483054874 555 11
1624 483054853 60 9
1625 483054971 687 8
1626 483054961 254 15
1627 483054952 173 19
1628 483054942 142 58
1629 483054951 109 19
1630 483054972 679 8
1631 483054962 353 7
1632 483054974 1581 16
1633 483054973 1155 12
1634 483054963 19 1
1635 483054954 8 1
1636 483054943 4 2
1637 483054964 506 30
1638 483064072 982 7
1639 483064071 366 3
1640 483064062 44 3
1641 483064061 1 0
1642 483064044 0 0
1643 483064053 39 0
1644 483064063 44 0
1645 483064073 1242 11
1646 483064064 289 3
1647 483064074 1300 8
1648 483064054 6 0
1649 483064161 415 18
1650 483064142 21 0
1651 483064172 1677 19
1652 483064151 3 0
1653 483064171 1079 9
1654 483064152 228 7
1655 483064162 393 6
1656 483064163 683 45
1657 483064164 965 21
1658 483064153 628 37
1659 483064173 1259 15
1660 483064174 1287 14
1661 483064144 70 4
1662 483064154 161 11
1663 483055521 22 1
1664 483055531 1 0
1665 483055522 60 1
1666 483055544 7 0
1667 483055523 34 1
1668 483055514 72 2
1669 483055543 17 0
1670 483055621 7 0
1671 483055612 64 1
1672 483055641 31 0
1673 483054554 19 5
1674 483054564 28 7
1675 483054573 98 14
1676 483054661 232 67
1677 483054652 74 21
1678 483054662 163 43
1679 483054671 55 6
1680 483054672 84 9
1681 483054654 72 21
1682 483054664 95 19
1683 483055351 19 0
1684 483055361 17 0
1685 483055353 28 0
1686 483055651 16 0
1687 483055652 56 1
1688 483055673 2 0
1689 483055653 42 1
1690 483055674 2 0
1691 483055862 17 0
1692 483065081 4 1
1693 483054683 12 1
1694 483055613 105 2
1695 483055604 96 2
1696 483054791 119 7
1697 483055702 64 1
1698 483054781 9 1
1699 483054782 1400 56
1700 483054784 495 19
1701 483054793 976 38
1702 483054783 469 17
1703 483054794 21 2
1704 483054882 363 12
1705 483055801 55 2
1706 483054891 772 24
1707 483054881 716 37
1708 483054892 342 23
1709 483054883 1657 39
1710 483055804 93 4
1711 483054884 710 17
1712 483055803 104 2
1713 483055644 3 0
1714 483055623 5 0
1715 483055643 5 0
1716 483055624 31 1
1717 483055912 1 0
1718 483055923 0 0
1719 483055914 1 0
1720 483065042 14 2
1721 483065021 10 1
1722 483065012 91 5
1723 483054894 808 14
1724 483054893 1082 31
1725 483055813 1 0
1726 483054981 482 7
1727 483054992 89 1
1728 483055911 67 2
1729 483055902 249 11
1730 483054991 520 10
1731 483054982 417 8
1732 483054984 684 5
1733 483054994 1 0
1734 483055903 14 0
1735 483054983 1089 10
1736 483054993 91 1
1737 483055913 489 7
1738 483055904 395 10
1739 483065011 864 12
1740 483064092 723 3
1741 483065002 767 11
1742 483064081 517 3
1743 483064082 587 5
1744 483065001 367 4
1745 483064091 1144 8
1746 483065013 526 10
1747 483065003 433 4
1748 483064083 1123 5
1749 483064084 1004 7
1750 483065004 663 18
1751 483064093 833 3
1752 483064094 59 0
1753 483065022 0 0
1754 483065034 14 2
1755 483065023 3 0
1756 483065014 367 23
1757 483065033 7 1
1758 483065142 1 0
1759 483065112 64 5
1760 483065121 173 22
1761 483065123 253 42
1762 483065114 22 3
1763 483064182 796 10
1764 483064191 711 4
1765 483065102 1129 49
1766 483065111 244 11
1767 483064192 1639 19
1768 483064181 1129 16
1769 483065101 924 14
1770 483064194 959 20
1771 483065113 113 8
1772 483065104 114 5
1773 483065053 22 2
1774 483065152 9 1
1775 483065173 6 2
1776 483065174 88 24
1777 483065163 7 1
1778 483065261 8 1
1779 483065271 3 1
1780 483065272 32 9
1781 483065263 23 9
1782 483065254 7 1
1783 483065103 1169 34
1784 483064183 466 4
1785 483064184 339 3
1786 483064193 1126 16
1787 483064292 508 10
1788 483065211 107 7
1789 483065201 202 5
1790 483064281 1822 24
1791 483064291 1239 25
1792 483065202 172 4
1793 483065124 2 0
1794 483065143 1 0
1795 483065221 33 5
1796 483065222 72 11
1797 483065241 2 0
1798 483065212 28 3
1799 483065224 180 18
1800 483065223 5 1
1801 483065214 10 1
1802 483065331 47 5
1803 483064282 1045 20
1804 483064294 1325 31
1805 483064293 185 4
1806 483065213 69 4
1807 483064283 1553 23
1808 483065204 345 7
1809 483065203 296 6
1810 483064284 1000 21
1811 483065301 367 8
1812 483065311 55 4
1813 483064391 162 6
1814 483065302 133 4
1815 483064381 945 18
1816 483064392 650 15
1817 483064382 678 22
1818 483065313 201 12
1819 483064394 42 2
1820 483064393 110 8
1821 483065304 392 24
1822 483064384 333 14
1823 483065321 12 2
1824 483065322 217 16
1825 483065312 40 6
1826 483065334 8 1
1827 483065323 109 16
1828 483065333 234 29
1829 483065324 54 4
1830 483065314 239 33
1831 483065431 18 2
1832 483065432 71 10
1833 483065362 4 1
1834 483065361 83 31
1835 483065373 3 1
1836 483065363 7 2
1837 483065364 27 6
1838 483065472 32 12
1839 483065462 46 8
1840 483065471 52 12
1841 483065473 23 5
1842 483065303 251 11
1843 483064383 537 10
1844 483064491 200 19
1845 483064481 823 57
1846 483064482 41 3
1847 483064492 60 6
1848 483065402 737 49
1849 483065401 577 50
1850 483065411 136 8
1851 483064494 105 11
1852 483065441 8 1
1853 483065421 224 32
1854 483065412 270 38
1855 483065414 97 9
1856 483065433 20 3
1857 483065424 202 23
1858 483065423 135 13
1859 483065434 224 34
1860 483064484 203 21
1861 483064483 286 32
1862 483065403 243 25
1863 483065404 204 18
1864 483065413 150 10
1865 483064493 249 25
1866 483064582 153 15
1867 483064591 67 7
1868 483065502 182 19
1869 483064592 82 8
1870 483065463 21 9
1871 483065474 19 7
1872 483065572 22 6
1873 483065571 124 8
1874 483065561 27 7
1875 483065562 47 8
1876 483065564 519 65
1877 483065522 17 2
1878 483065512 314 29
1879 483065521 30 3
1880 483065532 357 29
1881 483065523 89 10
1882 483065524 21 3
1883 483065514 105 10
1884 483064581 203 21
1885 483065501 6 1
1886 483065511 197 18
1887 483064584 139 14
1888 483064583 59 10
1889 483064593 237 24
1890 483065513 120 12
1891 483065504 199 31
1892 483064594 8 1
1893 483065503 30 4
1894 483064563 47 24
1895 483064574 46 23
1896 483064573 144 75
1897 483064554 30 14
1898 483064564 111 61
1899 483064652 36 19
1900 483064672 19 9
1901 483064671 67 34
1902 483064661 99 54
1903 483064662 144 73
1904 483065573 358 14
1905 483065574 36 5
1906 483065671 10 2
1907 483065672 39 6
1908 483065681 106 18
1909 483065621 105 13
1910 483065622 175 23
1911 483065632 1362 91
1912 483065631 268 44
1913 483065612 66 7
1914 483065624 383 42
1915 483065602 77 12
1916 483064682 45 8
1917 483065611 121 15
1918 483064692 178 39
1919 483064681 58 23
1920 483065601 31 5
1921 483064691 82 11
1922 483064684 95 37
1923 483064693 27 10
1924 483065613 67 8
1925 483064694 43 7
1926 483064683 70 30
1927 483065604 72 11
1928 483065603 222 22
1929 483064782 4 1
1930 483065701 241 15
1931 483065711 39 3
1932 483064781 211 94
1933 483064792 253 15
1934 483065702 433 43
1935 483064251 156 15
1936 483064271 816 13
1937 483064272 2435 43
1938 483064261 215 17
1939 483064242 125 8
1940 483064262 391 12
1941 483064252 57 12
1942 483064254 89 26
1943 483064274 1037 27
1944 483064264 1263 66
1945 483064141 1 0
1946 483064143 3 0
1947 483064241 3 0
1948 483064234 1 0
1949 483064243 101 8
1950 483064233 0 0
1951 483064331 0 0
1952 483064341 14 3
1953 483064332 0 0
1954 483064343 0 0
1955 483064244 55 7
1956 483064253 126 33
1957 483064263 515 25
1958 483064273 478 12
1959 483064362 146 15
1960 483064352 181 42
1961 483064342 118 36
1962 483064361 103 9
1963 483064371 139 9
1964 483064351 95 28
1965 483064372 569 19
1966 483064374 132 5
1967 483064354 71 15
1968 483064353 106 25
1969 483064364 7 1
1970 483064344 52 14
1971 483064363 49 8
1972 483064373 215 16
1973 483064452 213 58
1974 483064442 158 17
1975 483064472 560 43
1976 483064451 21 5
1977 483064462 39 3
1978 483064461 82 20
1979 483064471 143 12
1980 483064473 84 12
1981 483064444 36 0
1982 483064463 250 93
1983 483064474 121 13
1984 483064453 43 12
1985 483064454 10 3
1986 483064464 77 22
1987 483064542 0 0
1988 483064552 24 10
1989 483064561 88 39
1990 483064551 0 0
1991 483064572 78 28
1992 483064571 126 68
1993 483064541 1 0
1994 483064562 110 54
1995 483064334 0 0
1996 483064441 8 0
1997 483064432 0 0
1998 483064443 54 0
1999 483065634 733 34
2000 483065633 74 11
2001 483065623 108 13
2002 483065614 95 11
2003 483065721 210 9
2004 483065712 543 20
2005 483065722 130 8
2006 483065732 1861 58
2007 483064673 62 24
2008 483064663 20 10
2009 483064674 15 7
2010 483064654 1 0
2011 483064664 74 35
2012 483064762 40 17
2013 483064772 47 20
2014 483064761 3 1
2015 483064771 53 22
2016 483064763 3 1
2017 483065731 234 15
2018 483065734 621 20
2019 483065723 237 9
2020 483065714 155 6
2021 483065733 371 9
2022 483065724 660 26
2023 483064791 117 40
2024 483064784 0 0
2025 483065703 271 21
2026 483064783 9 4
2027 483065713 95 9
2028 483064794 445 51
2029 483065704 57 5
2030 483064793 86 19
2031 483064892 213 39
2032 483065801 236 36
2033 483065832 1299 136
2034 483065812 397 25
2035 483065831 228 9
2036 483065821 596 20
2037 483065822 1086 41
2038 483065823 344 30
2039 483065834 1221 133
2040 483065814 189 26
2041 483064891 96 25
2042 483065811 194 29
2043 483064881 71 24
2044 483065813 10 2
2045 483064893 172 73
2046 483064883 120 38
2047 483064884 31 13
2048 483064894 187 41
2049 483065804 144 23
2050 483064992 24 8
2051 483064764 48 20
2052 483064773 91 37
2053 483064774 19 8
2054 483064872 46 17
2055 483064871 25 10
2056 483064873 41 13
2057 483064874 86 26
2058 483064971 1 0
2059 483064972 32 10
2060 483064974 0 0
2061 483065833 212 12
2062 483065824 243 12
2063 483065912 13 3
2064 483065922 548 54
2065 483065921 75 10
2066 483065901 80 14
2067 483064981 70 28
2068 483064991 20 9
2069 483065902 23 4
2070 483065911 62 9
2071 483064982 44 19
2072 483064983 71 31
2073 483064984 33 14
2074 483065904 112 16
2075 483065903 74 20
2076 483065914 96 21
2077 483065924 661 78
2078 483065923 335 71
2079 483075021 592 127
2080 483065913 38 6
2081 483064994 124 43
2082 483064993 3 1
2083 483075011 84 20
2084 483075001 6 2
2085 483075002 23 5
2086 483074072 0 0
2087 483074092 2 1
2088 483074081 2 1
2089 483075013 2 1
2090 483075012 0 0
2091 483075003 85 23
2092 483075004 160 43
2093 483074094 52 14
2094 483075111 1140 290
2095 483074192 8 2
2096 483075101 27 7
2097 483075102 22 6
2098 483075104 6 2
2099 483075103 5 1
2100 483066102 4 1
2101 483066103 7 2
2102 483065184 23 5
2103 483065193 30 5
2104 483066104 40 12
2105 483065194 59 11
2106 483065282 94 25
2107 483066212 11 4
2108 483066201 12 3
2109 483065291 56 8
2110 483056861 7 1
2111 483056863 1 0
2112 483056854 4 0
2113 483066362 9 1
2114 483066364 5 1
2115 483066363 1 0
2116 483066481 82 8
2117 483066463 4 0
2118 483066454 24 3
2119 483066552 90 9
2120 483066343 7 1
2121 483066442 20 3
2122 483066432 2 0
2123 483066441 2 0
2124 483066444 8 1
2125 483066443 8 1
2126 483066542 44 5
2127 483066541 33 5
2128 483066532 17 2
2129 483066531 4 1
2130 483066571 32 3
2131 483066561 7 1
2132 483066563 26 3
2133 483066554 5 1
2134 483066671 7 1
2135 483066681 12 1
2136 483066662 15 1
2137 483066652 1 0
2138 483066673 2 0
2139 483066664 1 0
2140 483066551 19 2
2141 483066543 31 4
2142 483066544 134 15
2143 483066553 7 1
2144 483066642 1 0
2145 483066643 25 3
2146 483066614 7 0
2147 483066721 13 1
2148 483066712 45 3
2149 483066741 6 0
2150 483065584 61 11
2151 483065593 2 1
2152 483065583 120 18
2153 483065682 19 5
2154 483065691 2 1
2155 483065692 18 2
2156 483066601 31 2
2157 483065694 2 0
2158 483065684 46 12
2159 483066603 122 7
2160 483066604 4 0
2161 483065782 411 60
2162 483066711 31 2
2163 483065791 730 108
2164 483066702 30 2
2165 483066704 3 0
2166 483066723 5 0
2167 483066724 6 0
2168 483066822 9 1
2169 483066821 28 2
2170 483066831 24 1
2171 483066812 23 1
2172 483066834 47 3
2173 483066823 122 7
2174 483066833 64 4
2175 483066824 17 1
2176 483066663 2 0
2177 483066654 16 2
2178 483066683 9 1
2179 483066773 2 0
2180 483066784 9 1
2181 483066872 111 11
2182 483057981 20 3
2183 483057983 1 0
2184 483057974 13 2
2185 483067071 27 4
2186 483067062 7 1
2187 483067061 12 2
2188 483067081 3 0
2189 483067064 6 1
2190 483067073 4 1
2191 483067083 0 0
2192 483067113 2 0
2193 483067114 3 1
2194 483067204 5 0
2195 483067421 1 0
2196 483067413 2 0
2197 483067521 3 1
2198 483067613 0 0
2199 483066791 3 0
2200 483067711 4 1
2201 483067823 99 4
2202 483057824 16 1
2203 483057922 16 1
2204 483067132 7 1
2205 483067134 3 1
2206 483067351 3 0
2207 483067551 5 1
2208 483067553 5 0
2209 483067824 6 1
2210 483067181 3 0
2211 483067182 1 0
2212 483067152 1 0
2213 483067184 1 0
2214 483067284 0 0
2215 483067552 1 0
2216 483067554 3 0
2217 483067563 4 0
2218 483057984 4 1
2219 483066932 169 12
2220 483066922 25 1
2221 483066921 9 1
2222 483066931 125 8
2223 483075202 334 178
2224 483075201 0 0
