Mesh_ID1 Mesh_ID TOTPOP_H22 IND_AGRFOR
0 483015273 20 2
1 483015443 1 0
2 483015642 7 2
3 483015641 15 5
4 483015644 52 16
5 483015643 8 2
6 483025044 5 1
7 483025232 4 1
8 483025113 2 0
9 483025103 17 1
10 483025104 2 0
11 483025201 4 0
12 483015372 1 0
13 483015371 1 0
14 483015444 2 0
15 483015463 13 2
16 483015551 5 1
17 483015561 1 0
18 483015573 56 7
19 483015564 26 3
20 483025151 4 1
21 483025152 2 0
22 483025153 2 0
23 483025154 2 0
24 483025274 8 1
25 483025253 9 1
26 483025283 22 2
27 483025372 5 1
28 483025371 22 4
29 483025351 30 5
30 483025364 7 1
31 483025373 15 3
32 483025234 4 1
33 483025214 13 2
34 483025244 11 2
35 483025312 2 0
36 483025342 5 1
37 483025412 1 0
38 483025432 0 0
39 483025423 1 0
40 483025443 19 4
41 483025514 1 0
42 483016212 3 1
43 483016223 22 8
44 483016224 2 1
45 483016421 4 2
46 483016433 4 0
47 483016423 3 1
48 483016424 0 0
49 483016551 4 0
50 483016644 0 0
51 483016742 31 2
52 483016211 9 4
53 483016214 3 1
54 483016213 9 3
55 483016314 13 5
56 483016414 3 1
57 483016511 4 1
58 483016512 1 0
59 483016611 3 1
60 483015791 8 1
61 483015782 13 2
62 483026051 8 1
63 483026052 10 2
64 483026054 54 13
65 483026053 4 1
66 483027164 1 0
67 483027163 2 0
68 483027261 3 0
69 483027262 12 2
70 483027264 1 0
71 483027263 23 4
72 483027362 5 1
73 483027212 1 0
74 483026293 27 6
75 483027214 5 1
76 483027302 14 2
77 483027321 17 2
78 483026391 73 16
79 483027322 1 0
80 483027342 1 0
81 483027354 1 0
82 483027353 1 0
83 483027442 8 1
84 483027422 25 3
85 483027312 12 2
86 483027311 2 0
87 483027303 83 15
88 483027314 34 4
89 483027304 29 4
90 483027323 17 2
91 483026393 15 3
92 483026394 63 14
93 483027313 21 3
94 483027412 40 5
95 483027421 50 7
96 483026492 83 18
97 483026491 45 10
98 483027411 38 5
99 483027413 6 1
100 483027404 5 1
101 483027403 7 1
102 483027423 93 12
103 483026494 12 2
104 483026493 2 0
105 483027432 12 2
106 483027433 63 8
107 483027424 17 2
108 483027434 16 2
109 483027443 1 0
110 483027444 1 0
111 483027522 60 8
112 483027532 17 2
113 483027541 17 2
114 483027531 7 1
115 483027414 139 18
116 483027501 2 0
117 483027521 388 50
118 483026591 9 1
119 483027504 111 14
120 483027513 52 7
121 483027523 1 0
122 483026594 30 4
123 483027514 49 6
124 483026593 55 9
125 483027533 6 1
126 483027534 57 7
127 483027543 47 6
128 483027622 57 7
129 483027652 2 0
130 483027642 30 6
131 483027641 72 11
132 483027632 84 11
133 483027631 50 7
134 483027624 256 33
135 483027361 7 1
136 483027761 2 0
137 483027763 4 1
138 483027861 26 4
139 483027864 21 3
140 483027863 147 23
141 483027972 14 2
142 483027962 78 11
143 483027952 5 1
144 483027961 17 2
145 483027503 34 4
146 483027611 165 21
147 483027601 55 6
148 483027621 128 17
149 483027602 95 12
150 483026692 1 0
151 483026691 47 7
152 483027623 125 16
153 483026694 311 34
154 483027604 55 7
155 483016743 8 1
156 483016734 20 2
157 483016723 10 3
158 483016821 17 4
159 483016832 8 1
160 483016843 44 3
161 483016824 58 18
162 483016834 2 0
163 483016823 5 1
164 483016844 106 8
165 483015794 15 2
166 483015793 7 1
167 483015891 1 0
168 483016814 7 1
169 483016813 6 1
170 483015894 15 2
171 483015992 26 3
172 483015991 3 0
173 483016912 30 9
174 483015993 16 2
175 483016833 2 0
176 483016932 14 1
177 483016941 110 9
178 483016942 39 3
179 483016921 15 4
180 483016922 17 5
181 483016944 157 20
182 483016934 30 4
183 483016943 169 16
184 483016953 4 1
185 483016904 9 1
186 483015984 6 2
187 483016913 9 1
188 483026012 5 1
189 483026011 1 0
190 483025082 8 2
191 483026002 76 7
192 483026013 12 1
193 483026004 68 6
194 483026014 1 0
195 483026041 49 4
196 483026032 29 4
197 483026042 92 13
198 483026034 85 8
199 483026044 119 17
200 483026043 25 2
201 483026131 1 0
202 483026132 49 4
203 483026144 39 6
204 483026133 82 7
205 483026063 18 4
206 483026151 17 3
207 483026152 26 6
208 483026171 88 17
209 483026162 3 1
210 483026161 24 5
211 483026164 7 1
212 483026154 93 19
213 483026153 4 1
214 483026173 10 1
215 483026112 3 0
216 483026102 12 1
217 483026111 75 7
218 483025194 5 1
219 483026114 75 8
220 483026113 83 7
221 483026211 125 8
222 483026212 55 5
223 483025291 26 2
224 483025284 17 1
225 483026163 60 14
226 483026262 56 8
227 483026271 9 1
228 483026252 56 10
229 483026251 62 10
230 483026261 39 8
231 483026272 9 1
232 483026274 18 2
233 483026273 17 2
234 483026263 102 15
235 483026124 8 1
236 483026143 2 0
237 483026134 46 4
238 483026242 47 8
239 483026232 1 0
240 483026222 6 1
241 483026231 35 3
242 483026221 7 1
243 483026223 62 6
244 483026243 21 3
245 483026264 54 8
246 483026253 36 5
247 483026254 29 4
248 483026283 8 1
249 483026361 183 20
250 483026382 68 14
251 483026381 13 1
252 483026371 173 16
253 483026351 150 9
254 483026362 26 3
255 483120102 1 0
256 483120203 7 3
257 483120204 3 1
258 483120313 7 3
259 483120421 18 7
260 483120412 4 2
261 483120414 2 1
262 483120054 3 1
263 483120152 2 1
264 483120154 10 4
265 483120251 11 4
266 483120242 7 3
267 483120253 3 1
268 483120244 5 2
269 483120243 1 0
270 483120254 2 1
271 483120341 2 1
272 483120423 1 0
273 483120413 4 2
274 483120512 9 3
275 483120502 7 3
276 483120514 1 0
277 483037194 1 0
278 483037193 36 4
279 483130114 5 1
280 483130113 2 0
281 483037292 9 1
282 483120351 3 1
283 483120332 1 0
284 483120333 1 0
285 483120324 8 3
286 483120422 6 2
287 483130222 3 0
288 483130233 1 0
289 483130741 10 3
290 483130732 4 0
291 483026214 13 1
292 483026213 107 5
293 483025293 120 10
294 483026301 6 0
295 483026312 147 5
296 483025382 51 4
297 483026311 174 5
298 483025381 26 2
299 483026302 35 1
300 483025391 95 8
301 483026224 63 9
302 483026244 47 7
303 483026234 65 7
304 483026233 170 14
305 483026331 8 1
306 483026342 69 8
307 483026322 263 27
308 483026332 239 30
309 483026341 14 2
310 483026321 113 7
311 483026372 473 42
312 483026352 422 26
313 483026373 464 16
314 483026383 50 2
315 483026363 375 22
316 483026354 622 24
317 483026374 137 4
318 483026353 310 16
319 483026364 98 8
320 483026384 17 4
321 483025384 5 0
322 483025393 39 5
323 483025383 33 2
324 483026313 344 10
325 483026304 267 7
326 483026303 36 3
327 483026314 288 8
328 483026412 69 2
329 483026411 817 24
330 483026402 604 12
331 483026333 22 3
332 483026334 64 8
333 483026344 94 6
334 483026343 21 3
335 483026324 101 10
336 483026323 107 6
337 483026432 14 2
338 483026422 39 5
339 483026442 285 21
340 483026431 33 4
341 483025482 68 4
342 483025491 23 2
343 483025492 13 2
344 483026401 127 5
345 483026414 129 6
346 483025494 174 12
347 483026403 75 3
348 483025493 69 3
349 483025484 540 30
350 483026404 943 12
351 483026461 377 27
352 483026481 74 6
353 483026471 326 24
354 483026452 61 4
355 483026462 65 8
356 483026451 35 3
357 483026472 146 5
358 483026482 86 17
359 483026474 125 9
360 483026463 32 3
361 483026421 68 4
362 483026441 6 1
363 483026434 13 2
364 483026433 23 3
365 483026423 144 6
366 483026424 15 2
367 483026522 54 6
368 483026542 140 32
369 483026532 57 8
370 483026541 62 12
371 483026484 15 2
372 483026483 67 5
373 483026464 56 7
374 483026473 47 4
375 483026582 100 16
376 483026571 31 3
377 483026572 29 2
378 483026581 170 18
379 483026562 96 13
380 483026561 57 8
381 483025374 51 11
382 483025354 5 1
383 483025452 5 1
384 483025471 3 1
385 483025472 25 2
386 483025481 106 8
387 483025483 66 4
388 483025573 6 1
389 483025574 27 3
390 483025681 105 5
391 483025213 5 0
392 483024481 2 0
393 483024483 2 0
394 483025413 6 0
395 483024581 10 1
396 483025511 7 1
397 483024582 26 2
398 483025504 11 1
399 483025503 2 0
400 483025602 10 1
401 483025642 5 1
402 483025672 37 1
403 483025671 1 0
404 483025673 63 5
405 483025664 35 5
406 483025674 573 20
407 483025762 63 7
408 483025761 6 1
409 483025772 577 19
410 483025771 321 19
411 483025641 1 0
412 483025632 17 3
413 483025633 90 17
414 483025644 87 16
415 483025643 18 3
416 483025721 12 2
417 483025731 51 9
418 483025722 90 17
419 483025742 1 0
420 483025733 20 4
421 483025752 6 1
422 483025764 73 5
423 483025753 1 0
424 483025774 718 27
425 483025754 56 7
426 483025773 98 5
427 483025763 270 17
428 483025862 8 1
429 483025871 5 0
430 483025872 162 8
431 483025724 10 2
432 483025842 23 4
433 483025812 22 2
434 483025833 41 8
435 483025814 31 2
436 483025931 5 1
437 483025932 12 2
438 483025912 69 5
439 483025942 5 1
440 483025922 23 2
441 483024782 37 3
442 483024791 5 0
443 483024793 0 0
444 483025713 11 1
445 483024794 9 1
446 483025811 24 2
447 483025802 24 2
448 483025911 2 0
449 483025902 37 3
450 483025903 9 1
451 483025861 63 4
452 483025851 19 3
453 483025852 53 4
454 483025854 112 7
455 483025874 29 2
456 483025853 421 28
457 483025951 0 0
458 483025954 32 2
459 483025963 26 2
460 483035081 17 1
461 483025924 12 1
462 483025914 311 21
463 483035032 3 0
464 483035012 75 5
465 483035021 222 15
466 483035044 4 0
467 483035023 3 0
468 483035024 22 1
469 483035033 1 0
470 483035034 24 2
471 483024993 2 0
472 483024994 0 0
473 483035011 28 2
474 483034092 6 0
475 483035004 11 1
476 483035003 3 0
477 483035101 19 1
478 483034193 13 1
479 483034184 20 1
480 483035103 3 0
481 483034194 17 1
482 483034282 3 0
483 483034281 5 0
484 483034384 82 5
485 483034383 302 10
486 483034394 21 1
487 483034272 168 15
488 483035141 1 0
489 483035121 24 2
490 483035131 12 1
491 483035133 24 2
492 483035222 1 0
493 483035224 47 3
494 483035412 6 0
495 483035612 4 0
496 483035623 1 0
497 483035721 40 3
498 483035063 36 2
499 483035083 5 0
500 483035261 3 0
501 483035263 24 2
502 483035361 4 0
503 483035363 36 2
504 483035364 17 1
505 483035461 1 0
506 483035462 17 1
507 483035853 1 0
508 483034492 7 0
509 483035511 55 4
510 483035513 14 1
511 483034583 110 5
512 483035503 21 2
513 483034682 23 2
514 483034684 28 1
515 483034791 188 13
516 483034793 164 12
517 483034794 4 0
518 483034892 17 1
519 483035803 33 2
520 483034883 118 5
521 483035911 17 1
522 483035902 33 2
523 483034981 3 0
524 483034983 20 1
525 483044083 34 1
526 483044181 44 2
527 483045103 2 0
528 483045201 68 1
529 483045202 0 0
530 483035842 8 1
531 483035844 12 1
532 483045121 7 1
533 483045122 38 3
534 483045241 13 0
535 483045232 1 0
536 483045332 9 0
537 483045412 22 2
538 483045414 4 0
539 483045423 13 1
540 483045411 1 0
541 483045532 1 0
542 483045521 12 0
543 483045523 64 1
544 483045544 4 0
545 483045543 6 0
546 483045621 12 0
547 483045622 50 1
548 483045642 6 0
549 483045623 24 1
550 483045624 134 4
551 483044772 6 1
552 483044782 7 1
553 483044784 42 6
554 483044783 87 12
555 483044774 81 11
556 483044882 27 4
557 483044881 55 8
558 483044872 19 4
559 483044891 26 5
560 483044892 30 6
561 483044422 161 22
562 483044424 10 1
563 483044522 15 1
564 483044664 26 3
565 483044673 1 0
566 483044663 76 8
567 483044532 18 2
568 483044521 991 238
569 483044523 314 75
570 483044524 12 1
571 483044533 25 2
572 483044631 34 3
573 483044633 26 3
574 483044634 12 1
575 483044771 60 6
576 483044742 41 2
577 483044762 79 8
578 483044773 10 1
579 483044743 134 8
580 483044744 34 2
581 483044841 207 12
582 483044861 59 7
583 483044842 99 6
584 483044852 16 1
585 483044731 9 1
586 483044732 68 6
587 483044741 3 0
588 483044734 24 2
589 483044941 20 2
590 483044943 38 4
591 483044871 92 23
592 483044851 3 0
593 483044863 12 2
594 483044844 200 16
595 483044853 178 15
596 483044854 41 3
597 483044864 5 1
598 483044843 28 2
599 483044951 42 4
600 483044942 1 0
601 483046161 7 1
602 483046174 6 1
603 483046281 12 1
604 483046283 2 0
605 483046372 9 1
606 483046373 39 4
607 483046462 3 0
608 483046472 2 0
609 483046571 2 0
610 483046662 27 3
611 483036951 31 7
612 483036921 3 0
613 483046253 9 2
614 483046753 73 8
615 483046734 1 0
616 483046744 11 1
617 483046832 1 0
618 483046851 31 4
619 483046822 1 0
620 483046824 2 0
621 483045083 0 0
622 483045172 4 1
623 483045171 9 1
624 483045183 13 2
625 483045481 5 1
626 483045763 21 1
627 483045754 16 0
628 483045852 48 1
629 483045854 36 1
630 483055062 5 0
631 483045084 1 0
632 483045382 6 1
633 483045384 4 1
634 483045491 1 0
635 483055184 11 1
636 483055282 7 1
637 483056213 5 1
638 483056312 4 0
639 483055382 0 0
640 483055394 1 0
641 483046761 38 4
642 483046752 0 0
643 483046754 47 5
644 483046763 151 16
645 483046852 11 1
646 483046861 75 8
647 483046874 2 0
648 483046883 4 0
649 483046981 4 0
650 483046972 14 1
651 483046984 3 0
652 483056062 1 0
653 483056081 21 2
654 483056083 2 0
655 483056182 16 2
656 483056183 12 1
657 483056281 29 3
658 483056282 28 3
659 483056283 107 11
660 483056284 70 7
661 483046931 3 0
662 483046943 6 1
663 483046933 12 1
664 483056034 2 0
665 483056033 2 0
666 483056131 1 0
667 483056133 4 0
668 483056243 4 1
669 483056323 7 1
670 483056324 15 2
671 483056381 23 2
672 483056382 49 5
673 483056383 18 2
674 483056482 9 1
675 483056484 6 1
676 483056762 4 0
677 483056771 4 0
678 483056773 3 0
679 483056774 3 0
680 483056872 7 1
681 483056314 13 2
682 483055393 3 0
683 483056313 7 1
684 483055384 2 0
685 483056804 3 1
686 483056902 15 2
687 483056904 31 5
688 483066002 2 0
689 483065084 0 0
690 483065182 56 18
691 483056431 1 0
692 483056433 4 0
693 483056832 1 0
694 483056834 3 0
695 483056843 1 0
696 483066221 4 2
697 483066244 26 3
698 483066223 0 0
699 483066341 13 1
700 483066342 22 2
701 483044874 39 10
702 483045803 9 2
703 483044894 69 13
704 483044883 5 1
705 483044893 10 2
706 483044972 22 6
707 483045902 9 1
708 483045901 29 5
709 483044994 14 2
710 483045904 6 0
711 483045721 21 1
712 483045814 8 0
713 483045912 21 0
714 483045914 42 0
715 483055012 18 0
716 483055014 8 0
717 483055112 63 0
718 483055121 7 0
719 483055114 43 0
720 483055123 169 1
721 483044993 5 1
722 483045913 64 2
723 483045903 10 1
724 483054092 96 13
725 483054091 64 9
726 483055013 12 0
727 483054093 28 4
728 483055111 127 0
729 483055113 22 0
730 483055211 9 0
731 483055064 4 0
732 483055161 7 0
733 483055152 51 1
734 483055154 72 2
735 483055153 7 0
736 483055163 49 1
737 483055252 3 0
738 483055261 21 1
739 483055251 41 1
740 483055263 44 1
741 483055222 172 2
742 483055232 12 0
743 483055242 43 1
744 483055241 14 0
745 483055221 95 0
746 483055231 17 0
747 483055233 146 1
748 483055234 83 1
749 483055223 3 0
750 483055224 106 1
751 483054252 27 0
752 483054262 292 19
753 483054264 398 22
754 483054254 0 0
755 483054263 183 13
756 483054273 12 2
757 483054362 297 36
758 483054361 3 0
759 483054352 2 0
760 483054371 101 17
761 483055341 31 0
762 483055342 6 0
763 483055322 39 0
764 483055321 2 0
765 483055331 84 0
766 483055332 70 0
767 483055323 38 0
768 483055324 9 0
769 483055421 16 0
770 483055423 3 0
771 483054364 53 10
772 483054373 34 6
773 483054363 0 0
774 483054472 150 11
775 483054471 106 12
776 483054452 4 0
777 483054462 7 1
778 483054461 7 1
779 483054474 244 18
780 483054464 3 1
781 483055202 11 0
782 483054483 5 0
783 483055413 0 0
784 483054581 145 11
785 483054584 0 0
786 483054583 287 18
787 483054682 59 3
788 483054681 110 7
789 483055611 49 1
790 483054684 123 6
791 483054473 83 15
792 483054463 8 2
793 483054454 1 0
794 483054561 60 14
795 483054552 30 7
796 483054571 88 19
797 483054562 39 10
798 483054572 7 0
799 483054563 34 8
800 483054574 7 1
801 483026413 431 10
802 483026501 406 6
803 483026502 452 6
804 483025581 69 6
805 483025582 342 12
806 483026511 109 2
807 483025591 694 14
808 483026512 54 1
809 483025592 779 12
810 483025583 211 11
811 483026521 135 4
812 483026531 84 11
813 483026524 70 6
814 483026533 26 4
815 483026534 184 27
816 483026523 31 1
817 483026622 160 6
818 483026642 1 0
819 483026641 52 5
820 483026632 59 7
821 483026563 0 0
822 483026554 20 2
823 483026583 21 3
824 483026573 37 5
825 483026584 84 14
826 483026564 36 5
827 483026574 136 18
828 483026661 41 5
829 483026652 98 11
830 483026681 53 9
831 483026503 709 6
832 483025584 212 7
833 483025594 310 6
834 483026514 301 6
835 483025593 978 25
836 483026513 610 9
837 483026504 1102 8
838 483025682 762 30
839 483026611 1694 21
840 483026602 1002 16
841 483025692 42 1
842 483025691 176 9
843 483026601 784 15
844 483026612 614 8
845 483025683 284 11
846 483025684 353 19
847 483026613 838 15
848 483026604 716 13
849 483025693 166 9
850 483025694 429 8
851 483026621 235 3
852 483026631 10 1
853 483026643 42 4
854 483026653 176 10
855 483026633 228 14
856 483026624 328 7
857 483026644 1 0
858 483026634 68 6
859 483026623 445 6
860 483026741 85 7
861 483026672 114 18
862 483026682 34 6
863 483026654 50 6
864 483026684 43 8
865 483026673 57 6
866 483026683 5 1
867 483026663 25 3
868 483026674 8 1
869 483026664 9 1
870 483026781 2 0
871 483026603 273 4
872 483026614 879 13
873 483026711 492 9
874 483026702 594 10
875 483025792 146 7
876 483026701 356 6
877 483025781 486 16
878 483026712 80 1
879 483025782 75 3
880 483025791 267 16
881 483026762 137 11
882 483026761 50 5
883 483026752 111 10
884 483026782 4 1
885 483026772 49 5
886 483026771 429 36
887 483026774 180 23
888 483026764 4 0
889 483026783 7 1
890 483026763 52 4
891 483026732 69 6
892 483026742 109 4
893 483026721 99 2
894 483026722 72 1
895 483026751 204 6
896 483026731 111 7
897 483026734 26 2
898 483026724 156 4
899 483026723 285 6
900 483026744 7 0
901 483027614 25 3
902 483027603 118 13
903 483027613 2 0
904 483026693 226 30
905 483027721 159 21
906 483026791 60 8
907 483026792 109 12
908 483027702 209 26
909 483027712 196 25
910 483027701 272 30
911 483027654 13 3
912 483027644 76 15
913 483027634 13 2
914 483027643 15 3
915 483027653 8 2
916 483027633 22 3
917 483027742 82 17
918 483027752 4 1
919 483027722 49 6
920 483027741 5 1
921 483027732 49 8
922 483027731 4 0
923 483027751 93 19
924 483027743 22 5
925 483027753 48 9
926 483027754 44 7
927 483027734 22 4
928 483027744 88 18
929 483027724 214 28
930 483027733 19 3
931 483027711 9 1
932 483027703 84 9
933 483026794 45 5
934 483027713 272 30
935 483027704 137 11
936 483027714 877 114
937 483027723 80 10
938 483027812 918 28
939 483027811 497 24
940 483026892 0 0
941 483026891 6 1
942 483027802 186 12
943 483027821 673 28
944 483026882 49 6
945 483027803 37 4
946 483026894 62 8
947 483027804 7 1
948 483026893 46 6
949 483027823 645 19
950 483027813 55 8
951 483027851 17 3
952 483027831 121 22
953 483027841 101 18
954 483027832 223 44
955 483027842 210 37
956 483027822 125 7
957 483027852 97 15
958 483027843 241 36
959 483027853 67 10
960 483027833 1 0
961 483027824 316 13
962 483027854 11 2
963 483027834 56 9
964 483027844 430 65
965 483027942 94 14
966 483027951 86 13
967 483027941 75 11
968 483027932 8 1
969 483027922 226 15
970 483027931 81 12
971 483027814 467 44
972 483026884 8 1
973 483027921 10 0
974 483027901 71 9
975 483027911 20 3
976 483026992 415 52
977 483026991 5 1
978 483027902 117 15
979 483027912 8 1
980 483027904 18 2
981 483027973 79 11
982 483027963 63 9
983 483027954 175 24
984 483027964 206 28
985 483037072 70 9
986 483037071 94 13
987 483037052 71 10
988 483037061 26 4
989 483037081 6 1
990 483037062 200 27
991 483027924 25 3
992 483027943 81 12
993 483027934 44 7
994 483027953 25 3
995 483027944 23 3
996 483027933 94 14
997 483037042 45 6
998 483037031 43 6
999 483037041 121 16
1000 483037051 25 3
1001 483025783 397 10
1002 483026703 160 7
1003 483026704 21 1
1004 483026713 162 14
1005 483025793 133 9
1006 483026714 28 2
1007 483025784 49 4
1008 483025794 140 9
1009 483025891 84 7
1010 483026812 4 0
1011 483026754 38 3
1012 483026784 15 2
1013 483026773 27 2
1014 483026881 52 7
1015 483026872 12 2
1016 483026851 14 1
1017 483026852 17 1
1018 483026854 31 3
1019 483026883 78 10
1020 483026863 21 4
1021 483026753 49 1
1022 483026733 54 5
1023 483026743 149 13
1024 483026831 96 8
1025 483026821 4 0
1026 483026822 8 0
1027 483026842 52 5
1028 483026841 75 5
1029 483026832 97 5
1030 483026843 368 20
1031 483026811 60 5
1032 483025892 312 22
1033 483026801 27 2
1034 483025881 71 7
1035 483025882 12 1
1036 483025883 146 19
1037 483025893 81 21
1038 483026814 4 0
1039 483025894 11 1
1040 483026813 123 11
1041 483026823 8 1
1042 483026833 6 1
1043 483026824 48 4
1044 483026844 138 14
1045 483026834 40 3
1046 483026942 114 12
1047 483026941 55 3
1048 483026922 36 3
1049 483026931 18 2
1050 483026912 403 36
1051 483025884 68 12
1052 483025992 65 5
1053 483025991 54 14
1054 483026911 182 16
1055 483026902 19 2
1056 483025981 54 9
1057 483025982 27 5
1058 483025994 150 15
1059 483026913 346 31
1060 483026904 65 6
1061 483026853 230 20
1062 483026962 48 16
1063 483026982 10 1
1064 483026961 51 21
1065 483026951 72 8
1066 483026971 50 12
1067 483026952 20 5
1068 483026954 11 3
1069 483026974 60 17
1070 483026963 18 8
1071 483026921 63 6
1072 483026932 1 0
1073 483026943 2 0
1074 483026933 8 1
1075 483026934 1 0
1076 483026914 35 3
1077 483026944 6 1
1078 483026924 28 2
1079 483026923 28 2
1080 483036051 141 14
1081 483025984 22 4
1082 483025993 27 4
1083 483025983 1 0
1084 483035091 62 10
1085 483035082 27 4
1086 483035092 51 7
1087 483036011 40 4
1088 483035084 54 7
1089 483036013 5 0
1090 483035094 55 7
1091 483026984 29 4
1092 483026973 31 12
1093 483036072 3 1
1094 483036081 2 0
1095 483036082 8 1
1096 483036052 7 1
1097 483036061 29 11
1098 483036084 17 2
1099 483036064 14 6
1100 483036083 45 7
1101 483026994 192 24
1102 483026993 7 1
1103 483027903 75 9
1104 483027914 12 1
1105 483027923 3 0
1106 483027913 91 12
1107 483037012 3 0
1108 483037001 15 2
1109 483036091 23 3
1110 483037011 42 5
1111 483037032 116 13
1112 483037022 21 4
1113 483037043 648 64
1114 483037044 442 47
1115 483037053 75 10
1116 483037024 40 7
1117 483037034 155 15
1118 483037033 8 1
1119 483037142 629 62
1120 483037122 27 5
1121 483036092 206 26
1122 483037021 0 0
1123 483036094 7 1
1124 483037023 3 0
1125 483037013 19 2
1126 483036093 41 5
1127 483037014 112 21
1128 483037102 10 1
1129 483037121 68 13
1130 483037112 125 22
1131 483037074 55 7
1132 483037063 95 13
1133 483037064 9 1
1134 483037084 29 3
1135 483037054 95 13
1136 483037073 79 11
1137 483037083 54 6
1138 483037152 34 5
1139 483037171 22 3
1140 483037181 21 2
1141 483037172 33 4
1142 483037162 40 5
1143 483037182 62 7
1144 483037161 13 2
1145 483037174 75 8
1146 483037164 33 3
1147 483037173 33 3
1148 483037163 27 3
1149 483037184 57 7
1150 483037183 146 17
1151 483037151 380 44
1152 483037132 43 4
1153 483037141 153 15
1154 483037124 8 1
1155 483037143 88 9
1156 483037134 37 4
1157 483037153 857 86
1158 483037133 30 5
1159 483037144 538 53
1160 483037251 68 8
1161 483037111 25 3
1162 483036191 5 1
1163 483037114 24 4
1164 483037123 241 45
1165 483037104 6 1
1166 483036193 18 2
1167 483037103 6 1
1168 483037113 29 4
1169 483037202 3 0
1170 483037212 41 7
1171 483037154 212 26
1172 483037252 308 31
1173 483037262 17 2
1174 483037281 84 10
1175 483037272 8 1
1176 483037282 49 6
1177 483037261 268 26
1178 483037271 14 1
1179 483037283 7 1
1180 483037273 44 4
1181 483037222 16 3
1182 483037232 49 5
1183 483037242 88 10
1184 483037241 19 2
1185 483037231 154 28
1186 483037224 42 8
1187 483037233 8 1
1188 483037244 46 6
1189 483037234 62 6
1190 483037253 112 14
1191 483130201 1 0
1192 483037291 104 12
1193 483130204 27 3
1194 483130213 23 3
1195 483037284 277 32
1196 483037293 110 13
1197 483037294 233 27
1198 483037392 52 6
1199 483130302 17 2
1200 483130301 70 8
1201 483037263 91 11
1202 483037274 17 2
1203 483037254 94 12
1204 483037264 51 5
1205 483037362 34 4
1206 483037361 85 11
1207 483037352 191 24
1208 483037381 142 16
1209 483037371 145 15
1210 483037372 73 8
1211 483037243 60 6
1212 483037332 129 13
1213 483037322 21 3
1214 483037341 25 2
1215 483037342 78 10
1216 483037351 513 64
1217 483037343 27 3
1218 483037344 232 29
1219 483037353 41 5
1220 483037333 0 0
1221 483037221 119 22
1222 483037223 9 2
1223 483037214 22 4
1224 483037312 9 2
1225 483037321 61 11
1226 483037314 25 5
1227 483037413 0 0
1228 483037414 8 1
1229 483037404 16 3
1230 483037521 2 0
1231 483037382 489 56
1232 483037391 243 28
1233 483037384 441 51
1234 483037394 138 16
1235 483130303 60 7
1236 483130304 3 0
1237 483037393 23 3
1238 483037491 59 7
1239 483130401 4 0
1240 483130402 10 1
1241 483037373 3 0
1242 483037363 5 1
1243 483037354 28 4
1244 483037383 293 34
1245 483037364 36 4
1246 483037374 186 21
1247 483037462 39 5
1248 483037481 49 6
1249 483037461 13 2
1250 483037452 33 4
1251 483037471 61 8
1252 483037472 45 6
1253 483037482 121 14
1254 483037454 6 1
1255 483037463 25 3
1256 483037473 66 8
1257 483037484 15 2
1258 483037483 108 15
1259 483037474 50 6
1260 483037464 6 1
1261 483037334 12 1
1262 483037451 11 1
1263 483037431 2 0
1264 483037441 66 8
1265 483037432 11 1
1266 483037442 23 3
1267 483037453 28 4
1268 483037443 43 5
1269 483037542 15 2
1270 483037532 71 9
1271 483037492 14 2
1272 483037493 14 2
1273 483037494 33 4
1274 483130403 17 2
1275 483037592 30 3
1276 483037591 15 2
1277 483037594 40 5
1278 483037593 171 22
1279 483037682 8 0
1280 483037692 23 3
1281 483037552 4 0
1282 483037582 365 30
1283 483037561 43 5
1284 483037562 27 3
1285 483037581 17 2
1286 483037564 24 3
1287 483037554 0 0
1288 483037573 1 0
1289 483037563 11 1
1290 483037584 184 10
1291 483037541 3 0
1292 483037551 20 3
1293 483037544 8 1
1294 483037534 28 3
1295 483037524 5 1
1296 483037543 0 0
1297 483037651 22 3
1298 483037622 6 1
1299 483037631 3 0
1300 483037641 6 1
1301 483036042 31 3
1302 483036031 29 3
1303 483036021 111 10
1304 483036012 432 39
1305 483036022 0 0
1306 483036053 448 51
1307 483036023 31 3
1308 483036024 29 3
1309 483036033 4 0
1310 483036014 18 2
1311 483035093 2 0
1312 483035192 140 19
1313 483036111 79 7
1314 483036112 28 2
1315 483036101 15 2
1316 483036114 43 4
1317 483036103 64 9
1318 483035194 3 0
1319 483036113 14 1
1320 483036212 0 0
1321 483036054 23 3
1322 483036172 17 6
1323 483036152 76 9
1324 483036181 18 3
1325 483036163 57 9
1326 483036154 60 9
1327 483036184 26 3
1328 483036183 3 0
1329 483036261 33 5
1330 483036282 10 1
1331 483036044 12 1
1332 483036122 23 2
1333 483036151 35 4
1334 483036121 11 1
1335 483036124 1 0
1336 483036133 16 1
1337 483036222 24 2
1338 483036231 21 2
1339 483036224 38 3
1340 483036233 14 1
1341 483036262 134 23
1342 483036271 9 2
1343 483036252 3 0
1344 483036264 27 5
1345 483036273 46 9
1346 483036372 98 14
1347 483036362 2 0
1348 483036371 30 5
1349 483036373 37 4
1350 483036374 11 1
1351 483036201 4 1
1352 483036211 5 0
1353 483036203 10 1
1354 483036301 4 0
1355 483035392 9 1
1356 483035394 26 3
1357 483035492 8 1
1358 483035494 3 0
1359 483035594 54 7
1360 483036513 4 1
1361 483036472 29 3
1362 483036471 11 1
1363 483036474 76 9
1364 483036483 18 2
1365 483036572 2 0
1366 483036571 3 0
1367 483036671 53 4
1368 483036672 7 0
1369 483036674 141 9
1370 483036664 2 0
1371 483036321 4 0
1372 483036324 20 2
1373 483036432 13 1
1374 483036434 26 2
1375 483036541 24 2
1376 483036641 3 0
1377 483036632 9 1
1378 483036644 9 1
1379 483036821 24 2
1380 483036823 10 1
1381 483036514 6 1
1382 483035692 23 3
1383 483036612 3 0
1384 483035694 37 5
1385 483036713 1 0
1386 483036811 1 0
1387 483036812 4 0
1388 483035992 1 0
1389 483036901 8 1
1390 483045082 8 1
1391 483036762 14 1
1392 483036771 110 7
1393 483036773 24 2
1394 483036774 43 3
1395 483036872 13 1
1396 483036862 12 1
1397 483036871 7 0
1398 483036873 14 2
1399 483036952 26 6
1400 483036971 0 0
1401 483037684 10 1
1402 483037694 8 1
1403 483130603 21 2
1404 483130702 13 2
1405 483130701 16 2
1406 483130704 258 30
1407 483130703 5 1
1408 483130802 89 10
1409 483130812 4 0
1410 483130811 5 1
1411 483130744 39 12
1412 483130733 12 2
1413 483130743 47 14
1414 483130734 68 9
1415 483130821 3 0
1416 483130851 1 0
1417 483130822 24 3
1418 483130841 62 13
1419 483130832 83 10
1420 483130831 145 18
1421 483130963 5 1
1422 483140061 6 2
1423 483140062 0 0
1424 483130842 26 7
1425 483130833 89 18
1426 483130844 24 5
1427 483130834 60 12
1428 483130853 16 3
1429 483130843 66 10
1430 483130951 20 5
1431 483130942 3 1
1432 483130931 13 3
1433 483130934 3 1
1434 483130954 36 10
1435 483130953 8 2
1436 483140052 8 2
1437 483140031 6 1
1438 483140051 21 6
1439 483140054 0 0
1440 483140332 1 0
1441 483140334 1 0
1442 483140343 0 0
1443 483140432 1 0
1444 483140013 6 2
1445 483140102 13 5
1446 483140111 0 0
1447 483140113 5 1
1448 483140213 13 3
1449 483140311 6 1
1450 483140313 33 7
1451 483140414 1 0
1452 483140512 43 2
1453 483140514 14 1
1454 483140611 1 0
1455 483140612 4 0
1456 483140613 1 0
1457 483140711 11 1
1458 483047791 0 0
1459 483047784 3 0
1460 483140703 11 2
1461 483140713 1 0
1462 483140704 12 1
1463 483140801 2 0
1464 483037642 15 2
1465 483037632 12 2
1466 483037653 24 3
1467 483037643 10 1
1468 483037634 5 1
1469 483037633 21 2
1470 483037741 10 1
1471 483037732 6 1
1472 483037751 14 2
1473 483037731 0 0
1474 483037662 8 1
1475 483037661 10 1
1476 483037654 5 1
1477 483037664 19 2
1478 483037663 24 3
1479 483037673 4 0
1480 483037761 10 1
1481 483037782 11 1
1482 483037754 3 0
1483 483037784 25 4
1484 483037733 20 2
1485 483037753 33 4
1486 483037734 1 0
1487 483037851 8 1
1488 483037831 11 1
1489 483037842 3 0
1490 483037833 8 1
1491 483037844 10 1
1492 483037942 11 1
1493 483037922 3 0
1494 483037783 2 0
1495 483037881 19 3
1496 483037883 7 1
1497 483037972 17 3
1498 483037983 3 1
1499 483037974 11 3
1500 483047081 5 1
1501 483047072 12 4
1502 483047083 4 1
1503 483047074 11 4
1504 483037513 41 8
1505 483037623 4 1
1506 483037903 14 3
1507 483046092 11 2
1508 483047001 6 1
1509 483046091 6 1
1510 483046384 5 1
1511 483046794 5 1
1512 483046894 7 1
1513 483046893 4 0
1514 483037944 24 3
1515 483037924 1 0
1516 483047042 5 1
1517 483047043 1 0
1518 483047532 4 0
1519 483047541 4 0
1520 483047534 4 0
1521 483047633 3 0
1522 483047634 6 1
1523 483047741 1 0
1524 483047181 3 1
1525 483047172 14 5
1526 483047174 6 2
1527 483047173 3 1
1528 483047272 3 1
1529 483047473 3 1
1530 483047783 3 0
1531 483047881 0 0
1532 483047874 3 0
1533 483057972 4 1
1534 483047742 1 0
1535 483047732 4 0
1536 483047744 1 0
1537 483047734 2 0
1538 483047831 1 0
1539 483047832 1 0
1540 483057424 6 0
1541 483057434 1 0
1542 483057522 16 1
1543 483057531 13 1
1544 483046993 4 0
1545 483057002 5 1
1546 483057011 4 0
1547 483057001 1 0
1548 483056184 19 2
1549 483056384 4 0
1550 483056591 2 0
1551 483057801 4 0
1552 483056892 2 0
1553 483057823 11 1
1554 483057803 2 0
1555 483056894 4 0
1556 483056992 4 0
1557 483056993 1 0
1558 483057903 1 0
1559 483057923 12 2
1560 483056994 3 0
1561 483067021 18 3
1562 483067014 1 0
1563 483067112 6 1
1564 483140431 5 1
1565 483140423 3 0
1566 483140532 6 1
1567 483140522 7 1
1568 483140521 12 1
1569 483140523 1 0
1570 483140524 1 0
1571 483140534 1 0
1572 483140631 12 1
1573 483044962 40 10
1574 483044961 58 11
1575 483054044 32 3
1576 483054151 98 11
1577 483054142 11 1
1578 483054153 1 0
1579 483054163 228 13
1580 483054154 548 16
1581 483054164 200 25
1582 483054261 780 12
1583 483044934 64 7
1584 483044933 1 0
1585 483054041 139 14
1586 483054032 68 7
1587 483054043 39 4
1588 483054743 6 2
1589 483054841 246 77
1590 483054832 26 8
1591 483054941 168 55
1592 483054932 9 3
1593 483054674 195 18
1594 483054673 251 17
1595 483054663 136 30
1596 483054742 4 1
1597 483054752 64 10
1598 483054761 41 8
1599 483054762 501 53
1600 483054751 25 3
1601 483054772 253 13
1602 483054771 178 8
1603 483054754 161 16
1604 483054744 50 9
1605 483054753 82 8
1606 483054774 358 15
1607 483054764 65 5
1608 483054773 8 0
1609 483054763 268 40
1610 483054862 6 0
1611 483054871 1 0
1612 483054852 298 40
1613 483054872 384 15
1614 483054842 106 17
1615 483054851 165 20
1616 483054861 145 11
1617 483054844 12 3
1618 483054843 1 0
1619 483054854 61 9
1620 483054864 159 10
1621 483054873 372 7
1622 483054863 213 15
1623 483054874 590 10
1624 483054853 62 9
1625 483054971 686 6
1626 483054961 246 18
1627 483054952 180 19
1628 483054942 156 48
1629 483054951 114 18
1630 483054972 719 7
1631 483054962 346 7
1632 483054974 1680 14
1633 483054973 1219 11
1634 483054963 17 1
1635 483054954 8 1
1636 483054943 4 1
1637 483054964 464 26
1638 483064072 1040 4
1639 483064071 369 3
1640 483064062 39 2
1641 483064061 1 0
1642 483064044 0 0
1643 483064053 51 0
1644 483064063 55 1
1645 483064073 1353 11
1646 483064064 372 4
1647 483064074 1363 4
1648 483064054 8 0
1649 483064161 477 18
1650 483064142 27 0
1651 483064172 1650 12
1652 483064151 3 0
1653 483064171 1075 7
1654 483064152 274 6
1655 483064162 456 6
1656 483064163 742 42
1657 483064164 992 17
1658 483064153 692 36
1659 483064173 1168 11
1660 483064174 1287 11
1661 483064144 77 4
1662 483064154 174 11
1663 483055521 27 0
1664 483055531 1 0
1665 483055522 72 1
1666 483055544 9 0
1667 483055523 41 1
1668 483055514 86 1
1669 483055543 21 0
1670 483055621 8 0
1671 483055612 77 1
1672 483055641 39 1
1673 483054554 19 4
1674 483054564 30 8
1675 483054573 101 15
1676 483054661 243 56
1677 483054652 77 18
1678 483054662 168 37
1679 483054671 55 6
1680 483054672 84 8
1681 483054654 76 17
1682 483054664 94 15
1683 483055351 21 0
1684 483055361 21 0
1685 483055353 31 0
1686 483055651 20 0
1687 483055652 70 1
1688 483055673 3 0
1689 483055653 53 1
1690 483055674 3 0
1691 483055862 21 0
1692 483065081 4 1
1693 483054683 12 1
1694 483055613 126 2
1695 483055604 115 2
1696 483054791 126 7
1697 483055702 77 1
1698 483054781 9 0
1699 483054782 1397 48
1700 483054784 495 19
1701 483054793 991 38
1702 483054783 484 16
1703 483054794 23 2
1704 483054882 371 12
1705 483055801 61 2
1706 483054891 764 24
1707 483054881 754 36
1708 483054892 383 24
1709 483054883 1781 42
1710 483055804 102 4
1711 483054884 730 17
1712 483055803 87 2
1713 483055644 4 0
1714 483055623 6 0
1715 483055643 7 0
1716 483055624 38 1
1717 483055912 1 0
1718 483055923 0 0
1719 483055914 1 0
1720 483065042 18 2
1721 483065021 13 1
1722 483065012 104 5
1723 483054894 888 18
1724 483054893 1118 32
1725 483055813 2 0
1726 483054981 515 8
1727 483054992 88 1
1728 483055911 73 2
1729 483055902 272 9
1730 483054991 559 8
1731 483054982 427 7
1732 483054984 667 1
1733 483054994 1 0
1734 483055903 16 0
1735 483054983 1154 4
1736 483054993 94 0
1737 483055913 513 8
1738 483055904 424 9
1739 483065011 881 13
1740 483064092 846 1
1741 483065002 836 13
1742 483064081 544 2
1743 483064082 599 3
1744 483065001 403 4
1745 483064091 1232 4
1746 483065013 516 11
1747 483065003 433 7
1748 483064083 1221 3
1749 483064084 1047 5
1750 483065004 632 22
1751 483064093 880 3
1752 483064094 65 0
1753 483065022 0 0
1754 483065034 18 2
1755 483065023 3 0
1756 483065014 375 24
1757 483065033 9 1
1758 483065142 1 0
1759 483065112 63 5
1760 483065121 178 25
1761 483065123 277 49
1762 483065114 23 3
1763 483064182 784 5
1764 483064191 726 5
1765 483065102 1090 45
1766 483065111 232 12
1767 483064192 1710 22
1768 483064181 1145 16
1769 483065101 893 14
1770 483064194 896 20
1771 483065113 109 8
1772 483065104 105 5
1773 483065053 28 2
1774 483065152 9 2
1775 483065173 6 2
1776 483065174 98 29
1777 483065163 8 1
1778 483065261 8 2
1779 483065271 4 1
1780 483065272 36 10
1781 483065263 24 8
1782 483065254 7 2
1783 483065103 1034 28
1784 483064183 463 4
1785 483064184 321 2
1786 483064193 1155 20
1787 483064292 504 11
1788 483065211 102 6
1789 483065201 176 5
1790 483064281 1807 17
1791 483064291 1249 25
1792 483065202 145 5
1793 483065124 2 0
1794 483065143 1 0
1795 483065221 35 6
1796 483065222 76 13
1797 483065241 2 0
1798 483065212 28 3
1799 483065224 192 23
1800 483065223 5 1
1801 483065214 10 2
1802 483065331 50 6
1803 483064282 979 16
1804 483064294 1359 28
1805 483064293 185 4
1806 483065213 63 4
1807 483064283 1586 18
1808 483065204 278 9
1809 483065203 253 7
1810 483064284 939 21
1811 483065301 363 8
1812 483065311 53 4
1813 483064391 165 5
1814 483065302 116 4
1815 483064381 866 19
1816 483064392 672 14
1817 483064382 658 20
1818 483065313 190 11
1819 483064394 44 2
1820 483064393 114 8
1821 483065304 370 21
1822 483064384 337 12
1823 483065321 14 2
1824 483065322 233 21
1825 483065312 45 7
1826 483065334 9 1
1827 483065323 122 17
1828 483065333 271 30
1829 483065324 58 6
1830 483065314 261 34
1831 483065431 21 3
1832 483065432 79 11
1833 483065362 5 1
1834 483065361 91 29
1835 483065373 3 1
1836 483065363 9 3
1837 483065364 31 7
1838 483065472 39 15
1839 483065462 51 11
1840 483065471 54 17
1841 483065473 25 6
1842 483065303 248 10
1843 483064383 492 11
1844 483064491 207 21
1845 483064481 810 55
1846 483064482 42 2
1847 483064492 62 7
1848 483065402 705 46
1849 483065401 578 52
1850 483065411 129 7
1851 483064494 108 12
1852 483065441 9 1
1853 483065421 247 33
1854 483065412 296 39
1855 483065414 101 8
1856 483065433 22 3
1857 483065424 218 22
1858 483065423 140 11
1859 483065434 251 38
1860 483064484 209 22
1861 483064483 293 30
1862 483065403 251 27
1863 483065404 206 20
1864 483065413 143 9
1865 483064493 257 28
1866 483064582 158 17
1867 483064591 70 8
1868 483065502 190 21
1869 483064592 85 9
1870 483065463 26 13
1871 483065474 22 9
1872 483065572 26 7
1873 483065571 127 8
1874 483065561 31 10
1875 483065562 54 11
1876 483065564 574 88
1877 483065522 18 2
1878 483065512 323 25
1879 483065521 31 2
1880 483065532 385 35
1881 483065523 92 9
1882 483065524 20 3
1883 483065514 109 8
1884 483064581 209 22
1885 483065501 6 1
1886 483065511 201 16
1887 483064584 144 16
1888 483064583 61 10
1889 483064593 245 27
1890 483065513 124 10
1891 483065504 215 31
1892 483064594 9 1
1893 483065503 33 5
1894 483064563 49 23
1895 483064574 42 17
1896 483064573 130 56
1897 483064554 31 14
1898 483064564 102 46
1899 483064652 35 16
1900 483064672 17 7
1901 483064671 61 26
1902 483064661 89 39
1903 483064662 130 55
1904 483065573 380 18
1905 483065574 40 4
1906 483065671 10 2
1907 483065672 42 6
1908 483065681 125 20
1909 483065621 108 13
1910 483065622 179 23
1911 483065632 1437 102
1912 483065631 257 47
1913 483065612 68 7
1914 483065624 398 42
1915 483065602 82 12
1916 483064682 46 8
1917 483065611 127 15
1918 483064692 191 38
1919 483064681 60 22
1920 483065601 34 5
1921 483064691 85 12
1922 483064684 100 36
1923 483064693 29 10
1924 483065613 70 9
1925 483064694 46 6
1926 483064683 68 27
1927 483065604 76 11
1928 483065603 241 19
1929 483064782 4 1
1930 483065701 242 8
1931 483065711 41 3
1932 483064781 200 80
1933 483064792 270 9
1934 483065702 451 50
1935 483064251 169 14
1936 483064271 784 9
1937 483064272 2459 34
1938 483064261 229 15
1939 483064242 135 8
1940 483064262 395 11
1941 483064252 60 11
1942 483064254 89 21
1943 483064274 1073 19
1944 483064264 1321 69
1945 483064141 2 0
1946 483064143 3 0
1947 483064241 3 0
1948 483064234 4 0
1949 483064243 110 7
1950 483064233 0 0
1951 483064331 0 0
1952 483064341 15 3
1953 483064332 0 0
1954 483064343 0 0
1955 483064244 59 7
1956 483064253 131 29
1957 483064263 539 24
1958 483064273 488 10
1959 483064362 153 18
1960 483064352 174 33
1961 483064342 120 30
1962 483064361 108 10
1963 483064371 146 9
1964 483064351 92 22
1965 483064372 550 20
1966 483064374 130 6
1967 483064354 78 14
1968 483064353 105 20
1969 483064364 7 1
1970 483064344 50 11
1971 483064363 54 9
1972 483064373 237 18
1973 483064452 229 49
1974 483064442 167 15
1975 483064472 629 51
1976 483064451 24 5
1977 483064462 44 4
1978 483064461 85 15
1979 483064471 164 14
1980 483064473 95 14
1981 483064444 38 0
1982 483064463 242 89
1983 483064474 127 13
1984 483064453 44 9
1985 483064454 10 2
1986 483064464 81 22
1987 483064542 0 0
1988 483064552 23 9
1989 483064561 89 39
1990 483064551 0 0
1991 483064572 75 21
1992 483064571 121 55
1993 483064541 1 0
1994 483064562 118 56
1995 483064334 0 0
1996 483064441 8 0
1997 483064432 0 0
1998 483064443 57 0
1999 483065634 758 35
2000 483065633 76 11
2001 483065623 111 13
2002 483065614 98 11
2003 483065721 212 10
2004 483065712 550 22
2005 483065722 134 8
2006 483065732 1931 59
2007 483064673 65 22
2008 483064663 18 8
2009 483064674 14 6
2010 483064654 1 0
2011 483064664 71 28
2012 483064762 47 18
2013 483064772 51 20
2014 483064761 3 1
2015 483064771 61 24
2016 483064763 4 1
2017 483065731 246 16
2018 483065734 609 24
2019 483065723 239 10
2020 483065714 157 6
2021 483065733 376 11
2022 483065724 667 29
2023 483064791 124 38
2024 483064784 0 0
2025 483065703 267 13
2026 483064783 8 3
2027 483065713 101 8
2028 483064794 468 43
2029 483065704 58 4
2030 483064793 92 18
2031 483064892 221 36
2032 483065801 242 32
2033 483065832 1355 143
2034 483065812 408 24
2035 483065831 222 10
2036 483065821 616 20
2037 483065822 1117 41
2038 483065823 336 28
2039 483065834 1269 146
2040 483065814 184 24
2041 483064891 103 26
2042 483065811 216 26
2043 483064881 77 23
2044 483065813 11 1
2045 483064893 186 80
2046 483064883 131 38
2047 483064884 33 14
2048 483064894 195 40
2049 483065804 161 21
2050 483064992 25 9
2051 483064764 55 21
2052 483064773 105 41
2053 483064774 22 8
2054 483064872 52 19
2055 483064871 29 11
2056 483064873 45 13
2057 483064874 94 26
2058 483064971 1 0
2059 483064972 35 10
2060 483064974 0 0
2061 483065833 208 13
2062 483065824 243 13
2063 483065912 13 2
2064 483065922 566 53
2065 483065921 77 9
2066 483065901 88 13
2067 483064981 77 31
2068 483064991 22 10
2069 483065902 26 3
2070 483065911 62 8
2071 483064982 48 21
2072 483064983 77 34
2073 483064984 36 16
2074 483065904 113 14
2075 483065903 82 20
2076 483065914 100 19
2077 483065924 689 79
2078 483065923 354 67
2079 483075021 635 134
2080 483065913 37 6
2081 483064994 136 47
2082 483064993 3 1
2083 483075011 90 20
2084 483075001 7 2
2085 483075002 24 6
2086 483074072 0 0
2087 483074092 3 1
2088 483074081 2 1
2089 483075013 3 1
2090 483075012 0 0
2091 483075003 96 27
2092 483075004 180 50
2093 483074094 58 16
2094 483075111 1223 323
2095 483074192 9 3
2096 483075101 30 8
2097 483075102 25 7
2098 483075104 7 2
2099 483075103 5 1
2100 483066102 4 1
2101 483066103 9 2
2102 483065184 27 8
2103 483065193 37 6
2104 483066104 45 14
2105 483065194 72 12
2106 483065282 122 30
2107 483066212 12 5
2108 483066201 15 3
2109 483065291 65 8
2110 483056861 8 1
2111 483056863 1 0
2112 483056854 4 0
2113 483066362 11 1
2114 483066364 7 1
2115 483066363 1 0
2116 483066481 97 9
2117 483066463 4 0
2118 483066454 30 3
2119 483066552 107 10
2120 483066343 9 1
2121 483066442 25 3
2122 483066432 2 0
2123 483066441 2 0
2124 483066444 11 1
2125 483066443 10 1
2126 483066542 53 5
2127 483066541 42 5
2128 483066532 21 2
2129 483066531 5 1
2130 483066571 38 4
2131 483066561 8 1
2132 483066563 31 3
2133 483066554 6 1
2134 483066671 8 1
2135 483066681 15 1
2136 483066662 18 2
2137 483066652 1 0
2138 483066673 3 0
2139 483066664 1 0
2140 483066551 22 2
2141 483066543 39 4
2142 483066544 163 17
2143 483066553 8 1
2144 483066642 1 0
2145 483066643 31 3
2146 483066614 8 0
2147 483066721 14 1
2148 483066712 50 2
2149 483066741 7 0
2150 483065584 73 15
2151 483065593 3 1
2152 483065583 138 23
2153 483065682 22 5
2154 483065691 2 1
2155 483065692 21 2
2156 483066601 34 2
2157 483065694 2 0
2158 483065684 51 12
2159 483066603 134 6
2160 483066604 4 0
2161 483065782 454 68
2162 483066711 33 2
2163 483065791 799 129
2164 483066702 32 2
2165 483066704 3 0
2166 483066723 5 0
2167 483066724 6 0
2168 483066822 10 0
2169 483066821 30 1
2170 483066831 26 1
2171 483066812 25 1
2172 483066834 52 2
2173 483066823 134 6
2174 483066833 70 3
2175 483066824 18 1
2176 483066663 2 0
2177 483066654 19 2
2178 483066683 11 1
2179 483066773 2 0
2180 483066784 10 1
2181 483066872 136 9
2182 483057981 24 3
2183 483057983 2 0
2184 483057974 16 2
2185 483067071 34 5
2186 483067062 9 1
2187 483067061 15 2
2188 483067081 3 0
2189 483067064 7 1
2190 483067073 5 1
2191 483067083 0 0
2192 483067113 2 0
2193 483067114 4 1
2194 483067204 6 1
2195 483067421 1 0
2196 483067413 2 0
2197 483067521 4 1
2198 483067613 0 0
2199 483066791 4 0
2200 483067711 5 1
2201 483067823 144 4
2202 483057824 14 1
2203 483057922 14 1
2204 483067132 7 1
2205 483067134 4 1
2206 483067351 3 1
2207 483067551 6 1
2208 483067553 5 1
2209 483067824 8 1
2210 483067181 3 0
2211 483067182 1 0
2212 483067152 1 0
2213 483067184 1 0
2214 483067284 0 0
2215 483067552 1 0
2216 483067554 3 0
2217 483067563 4 1
2218 483057984 5 1
2219 483066932 194 8
2220 483066922 27 1
2221 483066921 10 0
2222 483066931 137 6
2223 483075202 336 164
2224 483075201 0 0
