Mesh_ID1 Mesh_ID TOTPOP_H12 IND_AGRFOR
0 483015273 22 4
1 483015443 1 0
2 483015642 7 2
3 483015641 14 6
4 483015644 48 22
5 483015643 7 3
6 483025044 5 1
7 483025232 5 1
8 483025113 3 1
9 483025103 23 2
10 483025104 2 0
11 483025201 5 0
12 483015372 2 0
13 483015371 2 0
14 483015444 3 1
15 483015463 16 3
16 483015551 6 1
17 483015561 1 0
18 483015573 70 16
19 483015564 33 7
20 483025151 4 1
21 483025152 2 0
22 483025153 2 0
23 483025154 2 0
24 483025274 9 1
25 483025253 10 2
26 483025283 23 3
27 483025372 6 1
28 483025371 24 5
29 483025351 34 9
30 483025364 8 2
31 483025373 16 3
32 483025234 6 1
33 483025214 17 3
34 483025244 12 3
35 483025312 3 0
36 483025342 6 1
37 483025412 1 0
38 483025432 0 0
39 483025423 1 0
40 483025443 25 5
41 483025514 1 0
42 483016212 4 1
43 483016223 30 10
44 483016224 3 1
45 483016421 6 2
46 483016433 4 0
47 483016423 4 1
48 483016424 0 0
49 483016551 4 0
50 483016644 0 0
51 483016742 34 4
52 483016211 13 4
53 483016214 4 1
54 483016213 13 4
55 483016314 18 6
56 483016414 4 1
57 483016511 5 2
58 483016512 1 0
59 483016611 4 1
60 483015791 10 1
61 483015782 16 3
62 483026051 9 2
63 483026052 10 2
64 483026054 56 12
65 483026053 4 1
66 483027164 1 0
67 483027163 2 0
68 483027261 4 1
69 483027262 17 4
70 483027264 1 0
71 483027263 33 7
72 483027362 7 1
73 483027212 1 0
74 483026293 30 8
75 483027214 6 1
76 483027302 15 2
77 483027321 18 2
78 483026391 82 17
79 483027322 1 0
80 483027342 1 0
81 483027354 1 0
82 483027353 1 0
83 483027442 9 1
84 483027422 27 3
85 483027312 12 2
86 483027311 2 0
87 483027303 93 22
88 483027314 36 5
89 483027304 30 4
90 483027323 18 2
91 483026393 16 3
92 483026394 73 20
93 483027313 22 3
94 483027412 43 5
95 483027421 53 7
96 483026492 96 29
97 483026491 52 14
98 483027411 40 5
99 483027413 7 1
100 483027404 6 1
101 483027403 8 1
102 483027423 99 13
103 483026494 13 3
104 483026493 2 0
105 483027432 12 2
106 483027433 66 8
107 483027424 18 2
108 483027434 17 2
109 483027443 1 0
110 483027444 1 0
111 483027522 64 8
112 483027532 18 2
113 483027541 19 3
114 483027531 8 1
115 483027414 147 20
116 483027501 2 0
117 483027521 410 54
118 483026591 9 1
119 483027504 118 16
120 483027513 55 7
121 483027523 1 0
122 483026594 33 4
123 483027514 52 7
124 483026593 63 8
125 483027533 7 1
126 483027534 61 8
127 483027543 51 7
128 483027622 61 8
129 483027652 3 1
130 483027642 41 8
131 483027641 82 12
132 483027632 88 12
133 483027631 53 7
134 483027624 270 36
135 483027361 10 2
136 483027761 2 0
137 483027763 3 1
138 483027861 30 4
139 483027864 25 4
140 483027863 176 27
141 483027972 17 2
142 483027962 93 14
143 483027952 6 1
144 483027961 20 3
145 483027503 35 4
146 483027611 175 23
147 483027601 55 7
148 483027621 136 18
149 483027602 100 14
150 483026692 1 0
151 483026691 54 7
152 483027623 132 18
153 483026694 337 31
154 483027604 58 7
155 483016743 9 1
156 483016734 23 2
157 483016723 10 3
158 483016821 20 4
159 483016832 9 1
160 483016843 49 5
161 483016824 59 21
162 483016834 5 1
163 483016823 6 1
164 483016844 119 11
165 483015794 18 3
166 483015793 8 1
167 483015891 2 0
168 483016814 8 1
169 483016813 7 1
170 483015894 18 3
171 483015992 31 5
172 483015991 3 0
173 483016912 37 8
174 483015993 19 4
175 483016833 5 2
176 483016932 28 7
177 483016941 123 12
178 483016942 44 5
179 483016921 17 4
180 483016922 17 6
181 483016944 188 28
182 483016934 41 11
183 483016943 171 18
184 483016953 4 1
185 483016904 11 1
186 483015984 7 2
187 483016913 10 1
188 483026012 6 1
189 483026011 1 0
190 483025082 9 4
191 483026002 92 10
192 483026013 14 1
193 483026004 82 8
194 483026014 1 0
195 483026041 53 6
196 483026032 33 9
197 483026042 112 18
198 483026034 89 9
199 483026044 145 25
200 483026043 29 3
201 483026131 1 0
202 483026132 60 4
203 483026144 45 8
204 483026133 86 8
205 483026063 19 4
206 483026151 20 4
207 483026152 27 5
208 483026171 102 20
209 483026162 3 1
210 483026161 25 5
211 483026164 9 1
212 483026154 101 22
213 483026153 4 1
214 483026173 12 1
215 483026112 4 1
216 483026102 15 1
217 483026111 92 9
218 483025194 6 1
219 483026114 93 10
220 483026113 102 9
221 483026211 150 10
222 483026212 67 6
223 483025291 27 3
224 483025284 18 2
225 483026163 63 13
226 483026262 72 8
227 483026271 10 1
228 483026252 63 14
229 483026251 73 16
230 483026261 44 7
231 483026272 9 2
232 483026274 19 3
233 483026273 18 2
234 483026263 131 16
235 483026124 9 1
236 483026143 2 0
237 483026134 63 3
238 483026242 55 12
239 483026232 1 0
240 483026222 7 1
241 483026231 37 4
242 483026221 9 1
243 483026223 69 6
244 483026243 24 5
245 483026264 67 8
246 483026253 42 8
247 483026254 33 5
248 483026283 8 1
249 483026361 214 21
250 483026382 77 16
251 483026381 13 1
252 483026371 193 19
253 483026351 151 9
254 483026362 31 4
255 483120102 1 0
256 483120203 11 4
257 483120204 5 2
258 483120313 11 4
259 483120421 27 8
260 483120412 6 2
261 483120414 2 0
262 483120054 5 2
263 483120152 2 0
264 483120154 15 4
265 483120251 16 4
266 483120242 10 2
267 483120253 5 2
268 483120244 7 2
269 483120243 1 0
270 483120254 2 0
271 483120341 2 0
272 483120423 1 0
273 483120413 6 2
274 483120512 13 4
275 483120502 10 2
276 483120514 1 0
277 483037194 1 0
278 483037193 42 5
279 483130114 6 1
280 483130113 2 0
281 483037292 11 1
282 483120351 5 2
283 483120332 1 0
284 483120333 1 0
285 483120324 12 4
286 483120422 9 2
287 483130222 4 0
288 483130233 1 0
289 483130741 12 4
290 483130732 5 1
291 483026214 15 1
292 483026213 125 6
293 483025293 125 16
294 483026301 7 0
295 483026312 154 7
296 483025382 54 6
297 483026311 194 8
298 483025381 28 3
299 483026302 40 1
300 483025391 99 14
301 483026224 78 11
302 483026244 55 12
303 483026234 76 9
304 483026233 175 19
305 483026331 7 1
306 483026342 70 12
307 483026322 290 29
308 483026332 218 39
309 483026341 14 3
310 483026321 121 7
311 483026372 494 53
312 483026352 432 24
313 483026373 540 19
314 483026383 52 3
315 483026363 348 27
316 483026354 576 28
317 483026374 144 7
318 483026353 312 15
319 483026364 110 8
320 483026384 19 4
321 483025384 6 0
322 483025393 43 8
323 483025383 38 3
324 483026313 384 15
325 483026304 310 9
326 483026303 43 5
327 483026314 301 9
328 483026412 74 1
329 483026411 884 31
330 483026402 665 13
331 483026333 20 4
332 483026334 58 10
333 483026344 96 5
334 483026343 19 3
335 483026324 97 10
336 483026323 110 3
337 483026432 13 2
338 483026422 36 6
339 483026442 351 26
340 483026431 30 5
341 483025482 78 4
342 483025491 25 2
343 483025492 15 2
344 483026401 141 7
345 483026414 144 5
346 483025494 187 15
347 483026403 69 4
348 483025493 73 4
349 483025484 614 39
350 483026404 994 13
351 483026461 362 33
352 483026481 84 6
353 483026471 365 22
354 483026452 57 5
355 483026462 73 8
356 483026451 42 3
357 483026472 155 7
358 483026482 97 19
359 483026474 146 8
360 483026463 33 4
361 483026421 69 1
362 483026441 6 1
363 483026434 14 1
364 483026433 27 3
365 483026423 149 7
366 483026424 17 1
367 483026522 63 5
368 483026542 189 30
369 483026532 61 8
370 483026541 74 11
371 483026484 18 2
372 483026483 80 5
373 483026464 62 7
374 483026473 52 4
375 483026582 115 16
376 483026571 35 3
377 483026572 34 2
378 483026581 201 19
379 483026562 107 14
380 483026561 62 9
381 483025374 58 11
382 483025354 6 1
383 483025452 6 1
384 483025471 4 1
385 483025472 28 2
386 483025481 120 10
387 483025483 75 4
388 483025573 6 1
389 483025574 31 4
390 483025681 109 8
391 483025213 7 0
392 483024481 3 0
393 483024483 3 0
394 483025413 9 1
395 483024581 13 1
396 483025511 10 1
397 483024582 35 3
398 483025504 15 1
399 483025503 3 0
400 483025602 13 1
401 483025642 6 1
402 483025672 44 1
403 483025671 1 0
404 483025673 71 7
405 483025664 39 8
406 483025674 664 24
407 483025762 69 9
408 483025761 7 1
409 483025772 708 18
410 483025771 357 23
411 483025641 2 0
412 483025632 23 5
413 483025633 118 25
414 483025644 115 24
415 483025643 24 5
416 483025721 16 3
417 483025731 66 14
418 483025722 118 25
419 483025742 2 0
420 483025733 26 5
421 483025752 8 2
422 483025764 77 6
423 483025753 2 0
424 483025774 783 29
425 483025754 67 11
426 483025773 107 6
427 483025763 287 23
428 483025862 8 1
429 483025871 5 0
430 483025872 169 12
431 483025724 13 3
432 483025842 30 6
433 483025812 30 2
434 483025833 54 12
435 483025814 42 3
436 483025931 6 1
437 483025932 15 2
438 483025912 93 8
439 483025942 6 1
440 483025922 26 2
441 483024782 50 4
442 483024791 7 0
443 483024793 0 0
444 483025713 14 1
445 483024794 12 1
446 483025811 33 2
447 483025802 32 2
448 483025911 2 0
449 483025902 50 4
450 483025903 12 1
451 483025861 67 6
452 483025851 24 4
453 483025852 58 6
454 483025854 119 9
455 483025874 31 3
456 483025853 449 36
457 483025951 0 0
458 483025954 34 2
459 483025963 28 2
460 483035081 18 1
461 483025924 14 1
462 483025914 421 35
463 483035032 3 0
464 483035012 91 7
465 483035021 252 20
466 483035044 4 0
467 483035023 3 0
468 483035024 24 2
469 483035033 1 0
470 483035034 25 2
471 483024993 2 0
472 483024994 0 0
473 483035011 38 3
474 483034092 8 1
475 483035004 14 1
476 483035003 4 0
477 483035101 25 2
478 483034193 17 1
479 483034184 27 2
480 483035103 4 0
481 483034194 23 2
482 483034282 4 0
483 483034281 3 0
484 483034384 114 13
485 483034383 20 2
486 483034394 28 3
487 483034272 11 1
488 483035141 1 0
489 483035121 25 2
490 483035131 13 1
491 483035133 25 2
492 483035222 1 0
493 483035224 50 4
494 483035412 8 0
495 483035612 5 0
496 483035623 2 0
497 483035721 54 3
498 483035063 38 3
499 483035083 6 0
500 483035261 3 0
501 483035263 25 2
502 483035361 4 0
503 483035363 38 3
504 483035364 18 1
505 483035461 1 0
506 483035462 18 1
507 483035853 2 0
508 483034492 9 1
509 483035511 73 5
510 483035513 19 1
511 483034583 101 6
512 483035503 28 2
513 483034682 29 2
514 483034684 9 0
515 483034791 247 14
516 483034793 218 13
517 483034794 5 0
518 483034892 22 1
519 483035803 44 3
520 483034883 30 2
521 483035911 22 1
522 483035902 44 3
523 483034981 3 0
524 483034983 14 1
525 483044083 12 0
526 483044181 1 0
527 483045103 3 0
528 483045201 9 0
529 483045202 0 0
530 483035842 11 0
531 483035844 16 1
532 483045121 9 0
533 483045122 51 3
534 483045241 19 0
535 483045232 2 0
536 483045332 14 0
537 483045412 29 2
538 483045414 5 0
539 483045423 17 1
540 483045411 2 0
541 483045532 2 0
542 483045521 16 0
543 483045523 89 0
544 483045544 6 0
545 483045543 10 0
546 483045621 17 0
547 483045622 70 0
548 483045642 10 0
549 483045623 33 0
550 483045624 178 1
551 483044772 7 1
552 483044782 10 2
553 483044784 54 10
554 483044783 111 19
555 483044774 107 16
556 483044882 35 5
557 483044881 71 13
558 483044872 23 6
559 483044891 35 6
560 483044892 41 6
561 483044422 37 5
562 483044424 12 2
563 483044522 18 2
564 483044664 36 3
565 483044673 2 0
566 483044663 107 9
567 483044532 21 3
568 483044521 6 1
569 483044523 2 0
570 483044524 14 2
571 483044533 30 4
572 483044631 41 5
573 483044633 32 4
574 483044634 15 2
575 483044771 84 7
576 483044742 45 4
577 483044762 110 9
578 483044773 14 1
579 483044743 146 14
580 483044744 37 4
581 483044841 227 21
582 483044861 73 10
583 483044842 108 10
584 483044852 20 2
585 483044731 11 1
586 483044732 81 10
587 483044741 3 0
588 483044734 27 3
589 483044941 24 2
590 483044943 45 3
591 483044871 114 34
592 483044851 3 0
593 483044863 15 3
594 483044844 243 25
595 483044853 220 23
596 483044854 51 5
597 483044864 6 2
598 483044843 32 2
599 483044951 52 5
600 483044942 1 0
601 483046161 9 3
602 483046174 7 0
603 483046281 12 2
604 483046283 2 0
605 483046372 9 1
606 483046373 41 5
607 483046462 4 0
608 483046472 2 0
609 483046571 2 0
610 483046662 29 3
611 483036951 44 11
612 483036921 3 0
613 483046253 12 3
614 483046753 132 13
615 483046734 1 0
616 483046744 16 1
617 483046832 3 0
618 483046851 74 7
619 483046822 1 0
620 483046824 3 0
621 483045083 0 0
622 483045172 5 0
623 483045171 11 2
624 483045183 15 2
625 483045481 6 0
626 483045763 28 0
627 483045754 21 0
628 483045852 63 1
629 483045854 47 1
630 483055062 7 0
631 483045084 2 0
632 483045382 8 1
633 483045384 5 0
634 483045491 2 0
635 483055184 18 2
636 483055282 14 1
637 483056213 8 1
638 483056312 6 1
639 483055382 0 0
640 483055394 2 0
641 483046761 40 4
642 483046752 0 0
643 483046754 84 9
644 483046763 157 17
645 483046852 20 2
646 483046861 78 8
647 483046874 2 0
648 483046883 4 0
649 483046981 4 0
650 483046972 15 2
651 483046984 3 0
652 483056062 2 0
653 483056081 21 2
654 483056083 2 0
655 483056182 17 2
656 483056183 13 2
657 483056281 30 3
658 483056282 29 3
659 483056283 112 12
660 483056284 73 8
661 483046931 6 1
662 483046943 15 1
663 483046933 23 2
664 483056034 5 0
665 483056033 4 0
666 483056131 1 0
667 483056133 9 1
668 483056243 10 1
669 483056323 17 2
670 483056324 35 4
671 483056381 24 3
672 483056382 51 5
673 483056383 19 2
674 483056482 9 1
675 483056484 7 0
676 483056762 5 0
677 483056771 5 0
678 483056773 3 0
679 483056774 3 0
680 483056872 7 0
681 483056314 28 3
682 483055393 5 0
683 483056313 13 1
684 483055384 5 0
685 483056804 6 1
686 483056902 26 4
687 483056904 54 6
688 483066002 3 0
689 483065084 0 0
690 483065182 68 20
691 483056431 3 0
692 483056433 8 1
693 483056832 2 0
694 483056834 7 0
695 483056843 2 0
696 483066221 5 3
697 483066244 33 4
698 483066223 1 0
699 483066341 16 1
700 483066342 27 3
701 483044874 48 14
702 483045803 12 2
703 483044894 93 14
704 483044883 6 1
705 483044893 14 2
706 483044972 27 8
707 483045902 13 1
708 483045901 39 6
709 483044994 17 2
710 483045904 8 0
711 483045721 28 0
712 483045814 11 0
713 483045912 30 0
714 483045914 59 0
715 483055012 26 0
716 483055014 11 0
717 483055112 90 0
718 483055121 10 0
719 483055114 65 0
720 483055123 253 1
721 483044993 6 1
722 483045913 91 1
723 483045903 13 1
724 483054092 118 14
725 483054091 79 9
726 483055013 20 0
727 483054093 35 4
728 483055111 201 0
729 483055113 35 0
730 483055211 14 0
731 483055064 5 0
732 483055161 9 0
733 483055152 66 2
734 483055154 94 2
735 483055153 9 0
736 483055163 65 2
737 483055252 3 0
738 483055261 28 0
739 483055251 54 1
740 483055263 58 1
741 483055222 196 1
742 483055232 14 0
743 483055242 56 1
744 483055241 17 0
745 483055221 152 1
746 483055231 19 0
747 483055233 169 1
748 483055234 98 1
749 483055223 5 0
750 483055224 131 1
751 483054252 48 2
752 483054262 322 29
753 483054264 463 40
754 483054254 0 0
755 483054263 181 17
756 483054273 14 2
757 483054362 348 52
758 483054361 2 0
759 483054352 1 0
760 483054371 122 23
761 483055341 37 0
762 483055342 7 0
763 483055322 45 0
764 483055321 3 0
765 483055331 98 1
766 483055332 82 1
767 483055323 44 0
768 483055324 10 0
769 483055421 18 0
770 483055423 4 0
771 483054364 62 13
772 483054373 40 8
773 483054363 0 0
774 483054472 159 13
775 483054471 117 14
776 483054452 2 0
777 483054462 8 2
778 483054461 6 1
779 483054474 257 21
780 483054464 3 1
781 483055202 18 0
782 483054483 5 0
783 483055413 0 0
784 483054581 153 12
785 483054584 0 0
786 483054583 318 22
787 483054682 64 4
788 483054681 117 10
789 483055611 57 1
790 483054684 133 7
791 483054473 90 18
792 483054463 9 2
793 483054454 0 0
794 483054561 68 20
795 483054552 33 10
796 483054571 97 23
797 483054562 44 13
798 483054572 7 1
799 483054563 39 11
800 483054574 8 1
801 483026413 446 8
802 483026501 476 6
803 483026502 534 3
804 483025581 78 9
805 483025582 336 12
806 483026511 109 3
807 483025591 805 22
808 483026512 59 3
809 483025592 822 17
810 483025583 227 7
811 483026521 142 10
812 483026531 96 9
813 483026524 83 5
814 483026533 27 4
815 483026534 180 33
816 483026523 35 2
817 483026622 184 9
818 483026642 1 0
819 483026641 57 5
820 483026632 60 7
821 483026563 0 0
822 483026554 24 3
823 483026583 24 4
824 483026573 40 5
825 483026584 98 16
826 483026564 40 6
827 483026574 148 20
828 483026661 48 6
829 483026652 115 14
830 483026681 63 11
831 483026503 722 5
832 483025584 200 6
833 483025594 349 5
834 483026514 334 9
835 483025593 977 18
836 483026513 761 6
837 483026504 1264 2
838 483025682 724 28
839 483026611 1729 18
840 483026602 1116 14
841 483025692 45 1
842 483025691 183 11
843 483026601 856 16
844 483026612 665 9
845 483025683 307 13
846 483025684 368 27
847 483026613 855 13
848 483026604 791 14
849 483025693 178 13
850 483025694 467 7
851 483026621 255 4
852 483026631 11 1
853 483026643 47 4
854 483026653 200 13
855 483026633 272 11
856 483026624 354 6
857 483026644 2 0
858 483026634 71 6
859 483026623 473 6
860 483026741 94 9
861 483026672 132 21
862 483026682 41 8
863 483026654 58 7
864 483026684 52 10
865 483026673 61 6
866 483026683 6 1
867 483026663 29 3
868 483026674 10 1
869 483026664 9 1
870 483026781 2 0
871 483026603 299 6
872 483026614 911 12
873 483026711 503 8
874 483026702 653 12
875 483025792 157 9
876 483026701 390 7
877 483025781 538 15
878 483026712 79 1
879 483025782 82 4
880 483025791 285 22
881 483026762 134 9
882 483026761 55 5
883 483026752 128 12
884 483026782 5 1
885 483026772 54 8
886 483026771 466 45
887 483026774 186 35
888 483026764 4 0
889 483026783 8 1
890 483026763 52 4
891 483026732 76 7
892 483026742 122 6
893 483026721 101 1
894 483026722 76 1
895 483026751 228 7
896 483026731 117 6
897 483026734 29 2
898 483026724 160 4
899 483026723 287 6
900 483026744 8 1
901 483027614 27 3
902 483027603 118 15
903 483027613 2 0
904 483026693 258 33
905 483027721 168 22
906 483026791 68 8
907 483026792 118 10
908 483027702 219 29
909 483027712 207 27
910 483027701 272 36
911 483027654 18 4
912 483027644 106 21
913 483027634 13 2
914 483027643 20 4
915 483027653 11 2
916 483027633 24 3
917 483027742 114 22
918 483027752 4 1
919 483027722 52 7
920 483027741 7 1
921 483027732 61 10
922 483027731 4 0
923 483027751 129 25
924 483027743 31 6
925 483027753 62 12
926 483027754 42 8
927 483027734 30 6
928 483027744 122 24
929 483027724 226 29
930 483027733 23 4
931 483027711 9 1
932 483027703 84 11
933 483026794 49 4
934 483027713 286 34
935 483027704 142 12
936 483027714 926 123
937 483027723 84 12
938 483027812 1026 31
939 483027811 514 29
940 483026892 0 0
941 483026891 7 1
942 483027802 195 15
943 483027821 647 28
944 483026882 50 9
945 483027803 39 5
946 483026894 67 9
947 483027804 8 1
948 483026893 50 7
949 483027823 594 17
950 483027813 52 8
951 483027851 16 3
952 483027831 159 29
953 483027841 123 24
954 483027832 304 59
955 483027842 239 45
956 483027822 119 7
957 483027852 91 16
958 483027843 225 40
959 483027853 62 11
960 483027833 1 0
961 483027824 300 13
962 483027854 13 2
963 483027834 54 10
964 483027844 401 72
965 483027942 88 16
966 483027951 89 14
967 483027941 70 13
968 483027932 8 1
969 483027922 229 16
970 483027931 92 14
971 483027814 445 46
972 483026884 9 1
973 483027921 9 0
974 483027901 77 11
975 483027911 20 3
976 483026992 447 64
977 483026991 5 1
978 483027902 126 17
979 483027912 7 1
980 483027904 20 3
981 483027973 94 14
982 483027963 75 11
983 483027954 209 30
984 483027964 246 35
985 483037072 82 11
986 483037071 112 16
987 483037052 85 13
988 483037061 31 4
989 483037081 7 1
990 483037062 240 34
991 483027924 30 4
992 483027943 75 14
993 483027934 44 7
994 483027953 29 4
995 483027944 21 4
996 483027933 116 17
997 483037042 46 7
998 483037031 53 8
999 483037041 119 18
1000 483037051 29 4
1001 483025783 423 14
1002 483026703 181 7
1003 483026704 23 1
1004 483026713 177 18
1005 483025793 145 12
1006 483026714 30 2
1007 483025784 51 6
1008 483025794 158 10
1009 483025891 94 8
1010 483026812 4 0
1011 483026754 42 3
1012 483026784 16 3
1013 483026773 29 3
1014 483026881 54 10
1015 483026872 12 2
1016 483026851 17 1
1017 483026852 21 1
1018 483026854 35 4
1019 483026883 81 15
1020 483026863 24 6
1021 483026753 56 2
1022 483026733 58 5
1023 483026743 165 16
1024 483026831 104 11
1025 483026821 4 0
1026 483026822 8 0
1027 483026842 55 7
1028 483026841 75 6
1029 483026832 95 6
1030 483026843 359 24
1031 483026811 66 8
1032 483025892 364 21
1033 483026801 31 2
1034 483025881 78 9
1035 483025882 12 2
1036 483025883 165 23
1037 483025893 84 22
1038 483026814 4 0
1039 483025894 12 1
1040 483026813 135 15
1041 483026823 8 1
1042 483026833 7 1
1043 483026824 52 5
1044 483026844 145 21
1045 483026834 41 3
1046 483026942 118 16
1047 483026941 53 3
1048 483026922 40 4
1049 483026931 19 2
1050 483026912 443 51
1051 483025884 79 13
1052 483025992 75 4
1053 483025991 55 14
1054 483026911 199 23
1055 483026902 21 2
1056 483025981 63 10
1057 483025982 29 5
1058 483025994 176 16
1059 483026913 380 43
1060 483026904 72 9
1061 483026853 276 21
1062 483026962 56 24
1063 483026982 11 2
1064 483026961 59 28
1065 483026951 75 11
1066 483026971 59 21
1067 483026952 22 6
1068 483026954 13 5
1069 483026974 70 28
1070 483026963 20 10
1071 483026921 69 8
1072 483026932 1 0
1073 483026943 2 0
1074 483026933 8 1
1075 483026934 1 0
1076 483026914 39 4
1077 483026944 6 0
1078 483026924 30 3
1079 483026923 30 3
1080 483036051 167 14
1081 483025984 22 4
1082 483025993 29 5
1083 483025983 1 0
1084 483035091 67 11
1085 483035082 27 5
1086 483035092 61 8
1087 483036011 44 5
1088 483035084 55 8
1089 483036013 6 1
1090 483035094 65 8
1091 483026984 31 4
1092 483026973 35 16
1093 483036072 3 2
1094 483036081 3 0
1095 483036082 9 1
1096 483036052 8 1
1097 483036061 33 14
1098 483036084 19 3
1099 483036064 16 8
1100 483036083 49 9
1101 483026994 207 30
1102 483026993 7 1
1103 483027903 81 11
1104 483027914 12 1
1105 483027923 3 0
1106 483027913 97 13
1107 483037012 3 0
1108 483037001 16 2
1109 483036091 25 3
1110 483037011 45 6
1111 483037032 130 16
1112 483037022 25 4
1113 483037043 713 77
1114 483037044 496 58
1115 483037053 90 13
1116 483037024 47 8
1117 483037034 170 19
1118 483037033 9 1
1119 483037142 691 75
1120 483037122 31 6
1121 483036092 222 32
1122 483037021 0 0
1123 483036094 7 1
1124 483037023 3 1
1125 483037013 20 3
1126 483036093 45 6
1127 483037014 132 24
1128 483037102 11 2
1129 483037121 80 14
1130 483037112 147 26
1131 483037074 64 9
1132 483037063 114 16
1133 483037064 10 1
1134 483037084 33 3
1135 483037054 114 16
1136 483037073 94 14
1137 483037083 62 7
1138 483037152 41 6
1139 483037171 25 3
1140 483037181 24 2
1141 483037172 38 5
1142 483037162 48 6
1143 483037182 71 8
1144 483037161 15 2
1145 483037174 84 9
1146 483037164 37 4
1147 483037173 37 4
1148 483037163 29 3
1149 483037184 65 8
1150 483037183 168 19
1151 483037151 435 54
1152 483037132 47 5
1153 483037141 168 19
1154 483037124 9 2
1155 483037143 97 10
1156 483037134 41 4
1157 483037153 948 104
1158 483037133 35 6
1159 483037144 592 64
1160 483037251 77 10
1161 483037111 27 4
1162 483036191 5 1
1163 483037114 28 5
1164 483037123 285 51
1165 483037104 6 1
1166 483036193 20 3
1167 483037103 6 1
1168 483037113 31 4
1169 483037202 4 1
1170 483037212 47 8
1171 483037154 246 32
1172 483037252 340 38
1173 483037262 18 2
1174 483037281 96 11
1175 483037272 9 1
1176 483037282 56 7
1177 483037261 295 32
1178 483037271 16 2
1179 483037283 8 1
1180 483037273 49 5
1181 483037222 19 3
1182 483037232 54 7
1183 483037242 99 12
1184 483037241 21 2
1185 483037231 182 32
1186 483037224 49 8
1187 483037233 9 1
1188 483037244 54 8
1189 483037234 68 8
1190 483037253 131 20
1191 483130201 1 0
1192 483037291 119 14
1193 483130204 31 3
1194 483130213 26 3
1195 483037284 317 37
1196 483037293 126 15
1197 483037294 267 32
1198 483037392 59 7
1199 483130302 19 2
1200 483130301 81 9
1201 483037263 105 14
1202 483037274 19 2
1203 483037254 110 17
1204 483037264 56 7
1205 483037362 39 4
1206 483037361 100 15
1207 483037352 224 33
1208 483037381 163 19
1209 483037371 161 18
1210 483037372 84 10
1211 483037243 66 8
1212 483037332 142 15
1213 483037322 24 3
1214 483037341 28 3
1215 483037342 91 13
1216 483037351 601 90
1217 483037343 30 3
1218 483037344 271 40
1219 483037353 48 7
1220 483037333 0 0
1221 483037221 140 26
1222 483037223 11 2
1223 483037214 25 4
1224 483037312 11 2
1225 483037321 72 13
1226 483037314 30 5
1227 483037413 0 0
1228 483037414 9 2
1229 483037404 19 3
1230 483037521 3 0
1231 483037382 561 66
1232 483037391 279 33
1233 483037384 506 60
1234 483037394 158 18
1235 483130303 69 8
1236 483130304 4 0
1237 483037393 26 3
1238 483037491 68 8
1239 483130401 5 0
1240 483130402 12 1
1241 483037373 4 0
1242 483037363 6 1
1243 483037354 33 5
1244 483037383 336 40
1245 483037364 42 6
1246 483037374 214 25
1247 483037462 46 7
1248 483037481 55 6
1249 483037461 15 2
1250 483037452 39 6
1251 483037471 72 11
1252 483037472 52 7
1253 483037482 139 16
1254 483037454 7 1
1255 483037463 30 4
1256 483037473 78 11
1257 483037484 21 2
1258 483037483 116 10
1259 483037474 58 9
1260 483037464 7 1
1261 483037334 13 1
1262 483037451 13 2
1263 483037431 2 0
1264 483037441 77 11
1265 483037432 13 1
1266 483037442 27 4
1267 483037453 33 5
1268 483037443 51 8
1269 483037542 18 2
1270 483037532 83 12
1271 483037492 17 2
1272 483037493 17 2
1273 483037494 38 5
1274 483130403 19 2
1275 483037592 34 4
1276 483037591 20 2
1277 483037594 47 6
1278 483037593 216 33
1279 483037682 5 0
1280 483037692 23 4
1281 483037552 4 1
1282 483037582 358 26
1283 483037561 51 8
1284 483037562 31 4
1285 483037581 23 2
1286 483037564 28 4
1287 483037554 0 0
1288 483037573 1 0
1289 483037563 13 2
1290 483037584 104 5
1291 483037541 3 0
1292 483037551 24 3
1293 483037544 9 1
1294 483037534 32 5
1295 483037524 6 1
1296 483037543 0 0
1297 483037651 25 3
1298 483037622 7 1
1299 483037631 4 0
1300 483037641 7 1
1301 483036042 33 2
1302 483036031 32 3
1303 483036021 122 14
1304 483036012 474 54
1305 483036022 0 0
1306 483036053 500 58
1307 483036023 34 4
1308 483036024 32 3
1309 483036033 4 0
1310 483036014 19 2
1311 483035093 2 0
1312 483035192 166 22
1313 483036111 87 10
1314 483036112 30 3
1315 483036101 18 2
1316 483036114 47 5
1317 483036103 76 10
1318 483035194 3 0
1319 483036113 15 2
1320 483036212 0 0
1321 483036054 25 3
1322 483036172 19 7
1323 483036152 82 12
1324 483036181 20 3
1325 483036163 62 11
1326 483036154 65 10
1327 483036184 29 4
1328 483036183 4 1
1329 483036261 36 5
1330 483036282 11 2
1331 483036044 13 1
1332 483036122 25 3
1333 483036151 38 4
1334 483036121 12 1
1335 483036124 1 0
1336 483036133 18 2
1337 483036222 26 3
1338 483036231 23 2
1339 483036224 41 4
1340 483036233 15 2
1341 483036262 148 26
1342 483036271 10 1
1343 483036252 3 0
1344 483036264 31 4
1345 483036273 53 8
1346 483036372 121 17
1347 483036362 3 0
1348 483036371 35 5
1349 483036373 47 6
1350 483036374 14 2
1351 483036201 5 0
1352 483036211 5 1
1353 483036203 12 2
1354 483036301 5 0
1355 483035392 11 2
1356 483035394 30 3
1357 483035492 9 1
1358 483035494 3 0
1359 483035594 64 8
1360 483036513 5 0
1361 483036472 37 5
1362 483036471 14 2
1363 483036474 97 13
1364 483036483 23 3
1365 483036572 3 0
1366 483036571 4 0
1367 483036671 66 3
1368 483036672 8 0
1369 483036674 173 7
1370 483036664 2 0
1371 483036321 4 0
1372 483036324 22 2
1373 483036432 14 1
1374 483036434 29 3
1375 483036541 26 3
1376 483036641 3 0
1377 483036632 10 1
1378 483036644 10 1
1379 483036821 26 3
1380 483036823 11 1
1381 483036514 8 1
1382 483035692 27 3
1383 483036612 3 0
1384 483035694 44 6
1385 483036713 2 0
1386 483036811 2 0
1387 483036812 4 0
1388 483035992 2 0
1389 483036901 9 1
1390 483045082 9 1
1391 483036762 17 1
1392 483036771 129 8
1393 483036773 29 2
1394 483036774 52 2
1395 483036872 16 0
1396 483036862 14 1
1397 483036871 8 0
1398 483036873 18 3
1399 483036952 38 10
1400 483036971 0 0
1401 483037684 8 1
1402 483037694 10 1
1403 483130603 23 2
1404 483130702 15 2
1405 483130701 16 2
1406 483130704 283 35
1407 483130703 5 1
1408 483130802 97 12
1409 483130812 4 0
1410 483130811 5 1
1411 483130744 49 14
1412 483130733 14 1
1413 483130743 59 15
1414 483130734 80 11
1415 483130821 3 0
1416 483130851 1 0
1417 483130822 26 2
1418 483130841 75 13
1419 483130832 98 12
1420 483130831 164 18
1421 483130963 7 2
1422 483140061 8 2
1423 483140062 0 0
1424 483130842 33 9
1425 483130833 103 21
1426 483130844 31 7
1427 483130834 70 13
1428 483130853 20 6
1429 483130843 78 7
1430 483130951 27 7
1431 483130942 4 0
1432 483130931 15 3
1433 483130934 4 1
1434 483130954 49 13
1435 483130953 11 3
1436 483140052 11 3
1437 483140031 7 1
1438 483140051 29 7
1439 483140054 0 0
1440 483140332 2 0
1441 483140334 2 0
1442 483140343 0 0
1443 483140432 2 0
1444 483140013 9 2
1445 483140102 18 3
1446 483140111 0 0
1447 483140113 6 2
1448 483140213 14 5
1449 483140311 7 2
1450 483140313 36 12
1451 483140414 2 0
1452 483140512 64 3
1453 483140514 20 2
1454 483140611 2 0
1455 483140612 6 0
1456 483140613 1 0
1457 483140711 15 2
1458 483047791 0 0
1459 483047784 7 1
1460 483140703 23 4
1461 483140713 1 0
1462 483140704 20 3
1463 483140801 3 0
1464 483037642 18 2
1465 483037632 14 2
1466 483037653 28 4
1467 483037643 12 2
1468 483037634 6 1
1469 483037633 24 3
1470 483037741 12 2
1471 483037732 7 1
1472 483037751 16 2
1473 483037731 0 0
1474 483037662 9 1
1475 483037661 12 2
1476 483037654 6 1
1477 483037664 22 3
1478 483037663 28 4
1479 483037673 4 1
1480 483037761 12 2
1481 483037782 12 1
1482 483037754 3 0
1483 483037784 36 3
1484 483037733 22 3
1485 483037753 39 6
1486 483037734 1 0
1487 483037851 9 1
1488 483037831 13 1
1489 483037842 3 0
1490 483037833 8 1
1491 483037844 12 2
1492 483037942 13 2
1493 483037922 3 0
1494 483037783 2 0
1495 483037881 28 3
1496 483037883 10 1
1497 483037972 25 2
1498 483037983 5 0
1499 483037974 13 2
1500 483047081 7 1
1501 483047072 12 3
1502 483047083 4 1
1503 483047074 11 3
1504 483037513 49 9
1505 483037623 4 1
1506 483037903 20 5
1507 483046092 15 4
1508 483047001 9 3
1509 483046091 8 2
1510 483046384 6 0
1511 483046794 6 0
1512 483046894 7 0
1513 483046893 5 0
1514 483037944 28 4
1515 483037924 1 0
1516 483047042 6 1
1517 483047043 1 0
1518 483047532 4 0
1519 483047541 4 0
1520 483047534 4 0
1521 483047633 3 0
1522 483047634 7 0
1523 483047741 1 0
1524 483047181 2 1
1525 483047172 13 3
1526 483047174 6 2
1527 483047173 2 1
1528 483047272 2 1
1529 483047473 2 1
1530 483047783 7 1
1531 483047881 0 0
1532 483047874 7 1
1533 483057972 6 1
1534 483047742 1 0
1535 483047732 5 0
1536 483047744 1 0
1537 483047734 2 0
1538 483047831 1 0
1539 483047832 1 0
1540 483057424 9 2
1541 483057434 2 0
1542 483057522 25 5
1543 483057531 20 4
1544 483046993 4 0
1545 483057002 6 0
1546 483057011 4 0
1547 483057001 1 0
1548 483056184 20 2
1549 483056384 4 0
1550 483056591 2 0
1551 483057801 5 0
1552 483056892 2 0
1553 483057823 17 0
1554 483057803 3 0
1555 483056894 5 0
1556 483056992 5 0
1557 483056993 1 0
1558 483057903 1 0
1559 483057923 16 0
1560 483056994 4 0
1561 483067021 25 0
1562 483067014 1 0
1563 483067112 9 0
1564 483140431 7 1
1565 483140423 4 0
1566 483140532 8 2
1567 483140522 10 3
1568 483140521 18 1
1569 483140523 2 0
1570 483140524 2 0
1571 483140534 2 0
1572 483140631 16 4
1573 483044962 50 15
1574 483044961 72 16
1575 483054044 38 3
1576 483054151 118 18
1577 483054142 14 2
1578 483054153 1 0
1579 483054163 309 18
1580 483054154 717 18
1581 483054164 231 34
1582 483054261 981 20
1583 483044934 76 4
1584 483044933 1 0
1585 483054041 165 9
1586 483054032 81 5
1587 483054043 46 3
1588 483054743 7 3
1589 483054841 302 117
1590 483054832 32 12
1591 483054941 195 44
1592 483054932 10 2
1593 483054674 197 28
1594 483054673 262 23
1595 483054663 152 42
1596 483054742 4 1
1597 483054752 66 13
1598 483054761 46 12
1599 483054762 549 68
1600 483054751 24 3
1601 483054772 271 15
1602 483054771 197 9
1603 483054754 152 20
1604 483054744 52 12
1605 483054753 78 10
1606 483054774 398 17
1607 483054764 71 6
1608 483054773 9 0
1609 483054763 276 52
1610 483054862 6 0
1611 483054871 1 0
1612 483054852 321 43
1613 483054872 427 18
1614 483054842 110 24
1615 483054851 167 22
1616 483054861 132 13
1617 483054844 13 3
1618 483054843 2 0
1619 483054854 68 9
1620 483054864 138 11
1621 483054873 366 7
1622 483054863 191 17
1623 483054874 597 9
1624 483054853 69 9
1625 483054971 731 9
1626 483054961 230 19
1627 483054952 214 19
1628 483054942 181 39
1629 483054951 136 16
1630 483054972 758 6
1631 483054962 335 11
1632 483054974 1879 16
1633 483054973 1394 13
1634 483054963 14 1
1635 483054954 10 1
1636 483054943 4 1
1637 483054964 417 29
1638 483064072 956 5
1639 483064071 390 3
1640 483064062 34 3
1641 483064061 1 0
1642 483064044 0 0
1643 483064053 48 0
1644 483064063 64 0
1645 483064073 1229 8
1646 483064064 428 1
1647 483064074 1281 5
1648 483064054 8 0
1649 483064161 498 20
1650 483064142 26 0
1651 483064172 1629 8
1652 483064151 3 0
1653 483064171 932 5
1654 483064152 266 7
1655 483064162 533 5
1656 483064163 775 51
1657 483064164 1008 17
1658 483064153 694 42
1659 483064173 1075 9
1660 483064174 1297 6
1661 483064144 78 5
1662 483064154 176 13
1663 483055521 31 1
1664 483055531 2 0
1665 483055522 84 1
1666 483055544 13 0
1667 483055523 48 1
1668 483055514 101 2
1669 483055543 30 2
1670 483055621 9 0
1671 483055612 90 1
1672 483055641 55 2
1673 483054554 22 6
1674 483054564 34 10
1675 483054573 104 21
1676 483054661 274 80
1677 483054652 87 25
1678 483054662 187 50
1679 483054671 56 9
1680 483054672 84 13
1681 483054654 85 25
1682 483054664 103 20
1683 483055351 25 0
1684 483055361 27 0
1685 483055353 37 0
1686 483055651 29 2
1687 483055652 101 4
1688 483055673 4 0
1689 483055653 76 3
1690 483055674 4 0
1691 483055862 30 2
1692 483065081 5 1
1693 483054683 13 1
1694 483055613 148 3
1695 483055604 135 3
1696 483054791 134 9
1697 483055702 90 1
1698 483054781 10 1
1699 483054782 1534 56
1700 483054784 542 22
1701 483054793 1082 44
1702 483054783 533 16
1703 483054794 24 2
1704 483054882 410 12
1705 483055801 66 2
1706 483054891 847 26
1707 483054881 811 38
1708 483054892 404 30
1709 483054883 1773 41
1710 483055804 121 5
1711 483054884 814 16
1712 483055803 104 2
1713 483055644 6 0
1714 483055623 7 0
1715 483055643 10 0
1716 483055624 44 1
1717 483055912 1 0
1718 483055923 0 0
1719 483055914 1 0
1720 483065042 26 4
1721 483065021 19 2
1722 483065012 127 12
1723 483054894 978 25
1724 483054893 1246 43
1725 483055813 2 0
1726 483054981 518 7
1727 483054992 102 2
1728 483055911 89 2
1729 483055902 315 11
1730 483054991 602 12
1731 483054982 468 7
1732 483054984 684 3
1733 483054994 1 0
1734 483055903 19 0
1735 483054983 1259 5
1736 483054993 96 0
1737 483055913 590 8
1738 483055904 487 11
1739 483065011 933 14
1740 483064092 948 4
1741 483065002 984 17
1742 483064081 615 2
1743 483064082 642 2
1744 483065001 534 6
1745 483064091 1356 3
1746 483065013 527 19
1747 483065003 530 7
1748 483064083 1485 3
1749 483064084 1134 10
1750 483065004 698 28
1751 483064093 981 3
1752 483064094 81 0
1753 483065022 0 0
1754 483065034 26 4
1755 483065023 4 1
1756 483065014 344 40
1757 483065033 13 1
1758 483065142 1 0
1759 483065112 51 7
1760 483065121 193 37
1761 483065123 345 77
1762 483065114 25 5
1763 483064182 756 9
1764 483064191 802 6
1765 483065102 1186 60
1766 483065111 224 18
1767 483064192 1816 28
1768 483064181 1275 13
1769 483065101 938 16
1770 483064194 917 26
1771 483065113 105 11
1772 483065104 108 6
1773 483065053 40 5
1774 483065152 12 3
1775 483065173 8 2
1776 483065174 129 30
1777 483065163 10 3
1778 483065261 10 3
1779 483065271 5 1
1780 483065272 48 11
1781 483065263 29 11
1782 483065254 9 3
1783 483065103 1071 29
1784 483064183 423 4
1785 483064184 273 3
1786 483064193 1179 22
1787 483064292 492 13
1788 483065211 111 8
1789 483065201 179 6
1790 483064281 1751 14
1791 483064291 1135 30
1792 483065202 129 6
1793 483065124 2 0
1794 483065143 1 0
1795 483065221 45 8
1796 483065222 96 18
1797 483065241 3 0
1798 483065212 30 5
1799 483065224 218 31
1800 483065223 6 1
1801 483065214 12 2
1802 483065331 57 8
1803 483064282 956 20
1804 483064294 1231 39
1805 483064293 156 5
1806 483065213 64 5
1807 483064283 1683 19
1808 483065204 224 11
1809 483065203 204 9
1810 483064284 956 23
1811 483065301 309 10
1812 483065311 56 5
1813 483064391 152 7
1814 483065302 99 6
1815 483064381 893 20
1816 483064392 610 19
1817 483064382 662 24
1818 483065313 170 15
1819 483064394 41 3
1820 483064393 114 11
1821 483065304 331 30
1822 483064384 335 16
1823 483065321 15 3
1824 483065322 248 28
1825 483065312 50 10
1826 483065334 11 2
1827 483065323 135 26
1828 483065333 330 42
1829 483065324 63 7
1830 483065314 279 50
1831 483065431 23 3
1832 483065432 91 15
1833 483065362 6 1
1834 483065361 112 37
1835 483065373 4 1
1836 483065363 12 2
1837 483065364 46 6
1838 483065472 50 16
1839 483065462 77 11
1840 483065471 77 20
1841 483065473 31 7
1842 483065303 223 14
1843 483064383 507 12
1844 483064491 211 31
1845 483064481 893 53
1846 483064482 43 3
1847 483064492 63 10
1848 483065402 623 60
1849 483065401 540 69
1850 483065411 115 10
1851 483064494 111 17
1852 483065441 5 1
1853 483065421 270 49
1854 483065412 319 58
1855 483065414 104 13
1856 483065433 26 4
1857 483065424 236 32
1858 483065423 145 18
1859 483065434 235 47
1860 483064484 222 30
1861 483064483 342 28
1862 483065403 256 40
1863 483065404 203 28
1864 483065413 131 12
1865 483064493 263 41
1866 483064582 161 25
1867 483064591 71 11
1868 483065502 195 30
1869 483064592 87 14
1870 483065463 31 14
1871 483065474 29 9
1872 483065572 33 8
1873 483065571 117 8
1874 483065561 12 5
1875 483065562 48 12
1876 483065564 190 8
1877 483065522 19 3
1878 483065512 334 41
1879 483065521 32 4
1880 483065532 15 3
1881 483065523 97 14
1882 483065524 23 4
1883 483065514 112 14
1884 483064581 225 28
1885 483065501 6 1
1886 483065511 204 25
1887 483064584 147 23
1888 483064583 63 13
1889 483064593 250 39
1890 483065513 127 16
1891 483065504 220 39
1892 483064594 9 1
1893 483065503 36 6
1894 483064563 45 19
1895 483064574 49 18
1896 483064573 141 55
1897 483064554 28 11
1898 483064564 100 44
1899 483064652 33 15
1900 483064672 21 8
1901 483064671 68 25
1902 483064661 91 39
1903 483064662 144 54
1904 483065573 368 16
1905 483065574 50 4
1906 483065671 5 1
1907 483065672 53 8
1908 483065681 160 24
1909 483065621 116 18
1910 483065622 195 32
1911 483065632 37 8
1912 483065631 300 67
1913 483065612 72 10
1914 483065624 424 59
1915 483065602 81 15
1916 483064682 47 10
1917 483065611 128 20
1918 483064692 200 45
1919 483064681 70 26
1920 483065601 37 6
1921 483064691 87 16
1922 483064684 103 40
1923 483064693 29 11
1924 483065613 76 12
1925 483064694 47 8
1926 483064683 85 32
1927 483065604 76 14
1928 483065603 253 28
1929 483064782 4 2
1930 483065701 264 15
1931 483065711 43 4
1932 483064781 245 87
1933 483064792 281 20
1934 483065702 508 64
1935 483064251 172 17
1936 483064271 712 9
1937 483064272 2338 28
1938 483064261 244 18
1939 483064242 136 9
1940 483064262 383 12
1941 483064252 64 14
1942 483064254 99 28
1943 483064274 1049 23
1944 483064264 1327 77
1945 483064141 2 0
1946 483064143 3 0
1947 483064241 5 0
1948 483064234 12 0
1949 483064243 112 9
1950 483064233 0 0
1951 483064331 0 0
1952 483064341 16 4
1953 483064332 1 0
1954 483064343 0 0
1955 483064244 61 9
1956 483064253 144 38
1957 483064263 530 26
1958 483064273 463 11
1959 483064362 173 21
1960 483064352 168 36
1961 483064342 135 40
1962 483064361 112 12
1963 483064371 143 12
1964 483064351 98 27
1965 483064372 554 24
1966 483064374 129 7
1967 483064354 66 18
1968 483064353 96 23
1969 483064364 8 1
1970 483064344 51 12
1971 483064363 59 10
1972 483064373 243 24
1973 483064452 263 62
1974 483064442 172 19
1975 483064472 659 66
1976 483064451 22 6
1977 483064462 48 5
1978 483064461 95 20
1979 483064471 176 19
1980 483064473 99 14
1981 483064444 46 0
1982 483064463 249 85
1983 483064474 145 12
1984 483064453 50 12
1985 483064454 12 3
1986 483064464 80 19
1987 483064542 0 0
1988 483064552 22 8
1989 483064561 80 31
1990 483064551 0 0
1991 483064572 83 21
1992 483064571 116 51
1993 483064541 1 0
1994 483064562 108 45
1995 483064334 0 0
1996 483064441 10 0
1997 483064432 0 0
1998 483064443 69 0
1999 483065634 22 3
2000 483065633 54 8
2001 483065623 119 17
2002 483065614 105 15
2003 483065721 224 11
2004 483065712 568 27
2005 483065722 142 11
2006 483065732 245 17
2007 483064673 72 23
2008 483064663 20 7
2009 483064674 17 6
2010 483064654 1 0
2011 483064664 79 28
2012 483064762 51 19
2013 483064772 58 21
2014 483064761 3 1
2015 483064771 67 25
2016 483064763 4 2
2017 483065731 251 22
2018 483065734 613 40
2019 483065723 249 11
2020 483065714 162 7
2021 483065733 367 12
2022 483065724 709 34
2023 483064791 128 42
2024 483064784 0 0
2025 483065703 301 20
2026 483064783 10 4
2027 483065713 106 11
2028 483064794 519 63
2029 483065704 64 6
2030 483064793 98 22
2031 483064892 263 46
2032 483065801 282 42
2033 483065832 187 16
2034 483065812 424 32
2035 483065831 230 18
2036 483065821 686 25
2037 483065822 1263 52
2038 483065823 370 38
2039 483065834 25 2
2040 483065814 195 33
2041 483064891 108 26
2042 483065811 230 38
2043 483064881 86 27
2044 483065813 12 2
2045 483064893 185 71
2046 483064883 144 43
2047 483064884 33 13
2048 483064894 226 47
2049 483065804 172 29
2050 483064992 27 9
2051 483064764 60 23
2052 483064773 115 43
2053 483064774 24 9
2054 483064872 57 20
2055 483064871 31 12
2056 483064873 50 15
2057 483064874 104 30
2058 483064971 1 0
2059 483064972 39 11
2060 483064974 0 0
2061 483065833 154 13
2062 483065824 270 17
2063 483065912 15 3
2064 483065922 74 5
2065 483065921 87 11
2066 483065901 97 17
2067 483064981 78 29
2068 483064991 22 9
2069 483065902 28 5
2070 483065911 65 11
2071 483064982 47 19
2072 483064983 76 30
2073 483064984 35 14
2074 483065904 120 20
2075 483065903 89 25
2076 483065914 112 23
2077 483065924 7 1
2078 483065923 316 62
2079 483075021 46 10
2080 483065913 40 8
2081 483064994 148 54
2082 483064993 3 1
2083 483075011 103 27
2084 483075001 8 3
2085 483075002 28 9
2086 483074072 0 0
2087 483074092 3 1
2088 483074081 2 1
2089 483075013 3 1
2090 483075012 0 0
2091 483075003 114 46
2092 483075004 213 85
2093 483074094 68 27
2094 483075111 76 30
2095 483074192 11 4
2096 483075101 36 14
2097 483075102 30 12
2098 483075104 8 3
2099 483075103 6 3
2100 483066102 8 3
2101 483066103 12 3
2102 483065184 32 8
2103 483065193 43 8
2104 483066104 80 32
2105 483065194 83 17
2106 483065282 132 29
2107 483066212 14 9
2108 483066201 20 6
2109 483065291 77 13
2110 483056861 8 1
2111 483056863 1 0
2112 483056854 5 0
2113 483066362 14 1
2114 483066364 8 1
2115 483066363 2 0
2116 483066481 140 12
2117 483066463 6 0
2118 483066454 37 4
2119 483066552 154 14
2120 483066343 11 1
2121 483066442 31 4
2122 483066432 3 0
2123 483066441 3 0
2124 483066444 13 1
2125 483066443 13 1
2126 483066542 72 7
2127 483066541 52 6
2128 483066532 26 2
2129 483066531 6 1
2130 483066571 55 5
2131 483066561 12 1
2132 483066563 45 4
2133 483066554 9 1
2134 483066671 12 1
2135 483066681 21 2
2136 483066662 25 2
2137 483066652 1 0
2138 483066673 4 0
2139 483066664 1 0
2140 483066551 32 3
2141 483066543 48 5
2142 483066544 220 21
2143 483066553 12 1
2144 483066642 1 0
2145 483066643 40 4
2146 483066614 9 0
2147 483066721 16 1
2148 483066712 57 2
2149 483066741 9 0
2150 483065584 86 14
2151 483065593 4 1
2152 483065583 159 18
2153 483065682 23 5
2154 483065691 3 1
2155 483065692 26 2
2156 483066601 39 2
2157 483065694 3 0
2158 483065684 54 14
2159 483066603 155 6
2160 483066604 5 0
2161 483065782 14 4
2162 483066711 39 2
2163 483065791 10 2
2164 483066702 37 1
2165 483066704 4 0
2166 483066723 6 0
2167 483066724 7 0
2168 483066822 11 0
2169 483066821 35 1
2170 483066831 30 1
2171 483066812 29 1
2172 483066834 54 2
2173 483066823 155 6
2174 483066833 81 3
2175 483066824 21 1
2176 483066663 3 0
2177 483066654 28 3
2178 483066683 16 1
2179 483066773 3 0
2180 483066784 15 1
2181 483066872 1 0
2182 483057981 33 4
2183 483057983 2 0
2184 483057974 22 2
2185 483067071 46 5
2186 483067062 12 1
2187 483067061 20 2
2188 483067081 5 1
2189 483067064 9 1
2190 483067073 7 1
2191 483067083 0 0
2192 483067113 3 0
2193 483067114 5 0
2194 483067204 8 0
2195 483067421 2 0
2196 483067413 3 0
2197 483067521 5 0
2198 483067613 0 0
2199 483066791 5 0
2200 483067711 7 0
2201 483067823 10 0
2202 483057824 20 0
2203 483057922 20 0
2204 483067132 10 0
2205 483067134 5 0
2206 483067351 5 0
2207 483067551 9 0
2208 483067553 8 0
2209 483067824 8 0
2210 483067181 5 1
2211 483067182 1 0
2212 483067152 1 0
2213 483067184 1 0
2214 483067284 0 0
2215 483067552 1 0
2216 483067554 5 0
2217 483067563 6 0
2218 483057984 7 1
2219 483066932 28 1
2220 483066922 31 1
2221 483066921 11 0
2222 483066931 148 6
2223 483075202 0 0
2224 483075201 0 0
