adm2 Mesh_ID
43203 483015273
43203 483015443
43203 483015642
43203 483015641
43203 483015644
43203 483015643
43203 483025044
43203 483025232
43513 483025113
43513 483025103
43513 483025104
43513 483025201
43203 483015372
43203 483015371
43203 483015444
43203 483015463
43203 483015551
43203 483015561
43203 483015573
43203 483015564
43203 483025151
43203 483025152
43203 483025153
43203 483025154
43203 483025274
43203 483025253
43203 483025283
43203 483025372
43203 483025371
43203 483025351
43203 483025364
43203 483025373
43203 483025234
43513 483025214
43203 483025244
43513 483025312
43203 483025342
43513 483025412
43513 483025432
43513 483025423
43513 483025443
43513 483025514
43203 483016212
43203 483016223
43203 483016224
43203 483016421
43203 483016433
43203 483016423
43203 483016424
43203 483016551
43203 483016644
43203 483016742
43203 483016211
43203 483016214
43203 483016213
43203 483016314
43203 483016414
43203 483016511
43203 483016512
43203 483016611
43203 483015791
43203 483015782
43203 483026051
43501 483026052
43501 483026054
43501 483026053
43514 483027164
43514 483027163
43514 483027261
43514 483027262
43514 483027264
43514 483027263
43514 483027362
43514 483027212
43501 483026293
43514 483027214
43514 483027302
43514 483027321
43501 483026391
43514 483027322
43514 483027342
43514 483027354
43514 483027353
43514 483027442
43514 483027422
43514 483027312
43514 483027311
43501 483027303
43514 483027314
43514 483027304
43514 483027323
43501 483026393
43501 483026394
43514 483027313
43514 483027412
43514 483027421
43501 483026492
43501 483026491
43514 483027411
43514 483027413
43514 483027404
43514 483027403
43514 483027423
43501 483026494
43501 483026493
43514 483027432
43514 483027433
43514 483027424
43514 483027434
43514 483027443
43514 483027444
43514 483027522
43514 483027532
43514 483027541
43514 483027531
43514 483027414
43514 483027501
43514 483027521
43514 483026591
43514 483027504
43514 483027513
43514 483027523
43514 483026594
43514 483027514
43514 483026593
43514 483027533
43514 483027534
43514 483027543
43514 483027622
43514 483027652
43514 483027642
43514 483027641
43514 483027632
43514 483027631
43514 483027624
43514 483027361
43514 483027761
43514 483027763
43505 483027861
43505 483027864
43505 483027863
43505 483027972
43505 483027962
43505 483027952
43505 483027961
43514 483027503
43514 483027611
43514 483027601
43514 483027621
43514 483027602
43514 483026692
43501 483026691
43514 483027623
43514 483026694
43514 483027604
43203 483016743
43203 483016734
43203 483016723
43203 483016821
43203 483016832
43203 483016843
43203 483016824
43203 483016834
43203 483016823
43203 483016844
43203 483015794
43203 483015793
43203 483015891
43203 483016814
43203 483016813
43203 483015894
43203 483015992
43203 483015991
43203 483016912
43203 483015993
43203 483016833
43203 483016932
43203 483016941
43203 483016942
43203 483016921
43203 483016922
43203 483016944
43203 483016934
43203 483016943
43203 483016953
43203 483016904
43203 483015984
43203 483016913
43203 483026012
43203 483026011
43203 483025082
43203 483026002
43203 483026013
43203 483026004
43203 483026014
43203 483026041
43203 483026032
43203 483026042
43203 483026034
43203 483026044
43203 483026043
43203 483026131
43203 483026132
43203 483026144
43203 483026133
43501 483026063
43501 483026151
43501 483026152
43501 483026171
43501 483026162
43501 483026161
43501 483026164
43501 483026154
43501 483026153
43501 483026173
43203 483026112
43203 483026102
43203 483026111
43203 483025194
43203 483026114
43203 483026113
43203 483026211
43203 483026212
43203 483025291
43203 483025284
43501 483026163
43501 483026262
43501 483026271
43501 483026252
43501 483026251
43501 483026261
43501 483026272
43501 483026274
43501 483026273
43501 483026263
43203 483026124
43501 483026143
43203 483026134
43501 483026242
43203 483026232
43203 483026222
43203 483026231
43203 483026221
43203 483026223
43501 483026243
43501 483026264
43501 483026253
43501 483026254
43501 483026283
43501 483026361
43501 483026382
43501 483026381
43501 483026371
43501 483026351
43501 483026362
43505 483120102
43505 483120203
43505 483120204
43505 483120313
43505 483120421
43505 483120412
43505 483120414
43505 483120054
43505 483120152
43505 483120154
43505 483120251
43505 483120242
43505 483120253
43505 483120244
43505 483120243
43505 483120254
43505 483120341
43505 483120423
43505 483120413
43505 483120512
43505 483120502
43505 483120514
43506 483037194
43506 483037193
43506 483130114
43506 483130113
43506 483037292
43505 483120351
43505 483120332
43505 483120333
43505 483120324
43505 483120422
43506 483130222
43506 483130233
43507 483130741
43507 483130732
43203 483026214
43203 483026213
43203 483025293
43203 483026301
43203 483026312
43203 483025382
43203 483026311
43203 483025381
43203 483026302
43203 483025391
43203 483026224
43501 483026244
43203 483026234
43203 483026233
43203 483026331
43501 483026342
43203 483026322
43501 483026332
43501 483026341
43203 483026321
43501 483026372
43501 483026352
43501 483026373
43501 483026383
43501 483026363
43501 483026354
43501 483026374
43501 483026353
43501 483026364
43501 483026384
43203 483025384
43203 483025393
43203 483025383
43203 483026313
43203 483026304
43203 483026303
43203 483026314
43203 483026412
43203 483026411
43203 483026402
43501 483026333
43501 483026334
43501 483026344
43501 483026343
43203 483026324
43203 483026323
43501 483026432
43203 483026422
43501 483026442
43501 483026431
43203 483025482
43203 483025491
43203 483025492
43203 483026401
43203 483026414
43203 483025494
43203 483026403
43203 483025493
43203 483025484
43203 483026404
43501 483026461
43501 483026481
43501 483026471
43501 483026452
43501 483026462
43501 483026451
43501 483026472
43501 483026482
43501 483026474
43501 483026463
43203 483026421
43501 483026441
43510 483026434
43510 483026433
43203 483026423
43510 483026424
43510 483026522
43510 483026542
43510 483026532
43510 483026541
43514 483026484
43501 483026483
43501 483026464
43501 483026473
43501 483026582
43501 483026571
43501 483026572
43501 483026581
43501 483026562
43501 483026561
43203 483025374
43203 483025354
43203 483025452
43203 483025471
43203 483025472
43203 483025481
43203 483025483
43203 483025573
43203 483025574
43203 483025681
43513 483025213
43513 483024481
43513 483024483
43513 483025413
43513 483024581
43513 483025511
43513 483024582
43513 483025504
43513 483025503
43513 483025602
43513 483025642
43203 483025672
43203 483025671
43203 483025673
43203 483025664
43203 483025674
43203 483025762
43513 483025761
43203 483025772
43203 483025771
43513 483025641
43513 483025632
43513 483025633
43513 483025644
43513 483025643
43513 483025721
43513 483025731
43513 483025722
43513 483025742
43513 483025733
43513 483025752
43513 483025764
43513 483025753
43203 483025774
43513 483025754
43203 483025773
43513 483025763
43513 483025862
43203 483025871
43203 483025872
43513 483025724
43513 483025842
43513 483025812
43513 483025833
43513 483025814
43513 483025931
43513 483025932
43513 483025912
43513 483025942
43513 483025922
43513 483024782
43513 483024791
43513 483024793
43513 483025713
43513 483024794
43513 483025811
43513 483025802
43513 483025911
43513 483025902
43513 483025903
43513 483025861
43513 483025851
43513 483025852
43513 483025854
43203 483025874
43513 483025853
43513 483025951
43513 483025954
43513 483025963
43513 483035081
43513 483025924
43513 483025914
43513 483035032
43513 483035012
43513 483035021
43513 483035044
43513 483035023
43513 483035024
43513 483035033
43513 483035034
43513 483024993
43513 483024994
43513 483035011
43513 483034092
43513 483035004
43513 483035003
43513 483035101
43513 483034193
43513 483034184
43513 483035103
43513 483034194
43513 483034282
43513 483034281
43513 483034384
43513 483034383
43513 483034394
43513 483034272
43513 483035141
43513 483035121
43513 483035131
43513 483035133
43513 483035222
43513 483035224
43513 483035412
43513 483035612
43513 483035623
43513 483035721
43513 483035063
43513 483035083
43513 483035261
43513 483035263
43513 483035361
43513 483035363
43513 483035364
43513 483035461
43513 483035462
43513 483035853
43513 483034492
43513 483035511
43513 483035513
43513 483034583
43513 483035503
43513 483034682
43513 483034684
43513 483034791
43513 483034793
43513 483034794
43513 483034892
43513 483035803
43513 483034883
43513 483035911
43513 483035902
43513 483034981
43513 483034983
43513 483044083
43513 483044181
43513 483045103
43513 483045201
43513 483045202
43513 483035842
43513 483035844
43513 483045121
43513 483045122
43202 483045241
43202 483045232
43202 483045332
43202 483045412
43202 483045414
43202 483045423
43202 483045411
43202 483045532
43202 483045521
43202 483045523
43202 483045544
43202 483045543
43202 483045621
43202 483045622
43202 483045642
43202 483045623
43202 483045624
43202 483044772
43202 483044782
43202 483044784
43202 483044783
43202 483044774
43202 483044882
43202 483044881
43202 483044872
43202 483044891
43202 483044892
43202 483044422
43202 483044424
43202 483044522
43202 483044664
43202 483044673
43202 483044663
43202 483044532
43202 483044521
43202 483044523
43202 483044524
43202 483044533
43202 483044631
43202 483044633
43202 483044634
43202 483044771
43202 483044742
43202 483044762
43202 483044773
43202 483044743
43202 483044744
43202 483044841
43202 483044861
43202 483044842
43202 483044852
43202 483044731
43202 483044732
43202 483044741
43202 483044734
43202 483044941
43202 483044943
43202 483044871
43202 483044851
43202 483044863
43202 483044844
43202 483044853
43202 483044854
43202 483044864
43202 483044843
43202 483044951
43202 483044942
43510 483046161
43511 483046174
43511 483046281
43511 483046283
43511 483046372
43511 483046373
43511 483046462
43511 483046472
43511 483046571
43511 483046662
43510 483036951
43512 483036921
43510 483046253
43511 483046753
43511 483046734
43511 483046744
43511 483046832
43511 483046851
43511 483046822
43511 483046824
43512 483045083
43512 483045172
43512 483045171
43512 483045183
43512 483045481
43202 483045763
43202 483045754
43202 483045852
43202 483045854
43202 483055062
43512 483045084
43512 483045382
43512 483045384
43512 483045491
43511 483055184
43511 483055282
43511 483056213
43511 483056312
43511 483055382
43511 483055394
43511 483046761
43511 483046752
43511 483046754
43511 483046763
43511 483046852
43511 483046861
43511 483046874
43511 483046883
43511 483046981
43511 483046972
43511 483046984
43511 483056062
43511 483056081
43511 483056083
43511 483056182
43511 483056183
43511 483056281
43511 483056282
43511 483056283
43511 483056284
43511 483046931
43511 483046943
43511 483046933
43511 483056034
43511 483056033
43511 483056131
43511 483056133
43511 483056243
43511 483056323
43511 483056324
43511 483056381
43511 483056382
43511 483056383
43511 483056482
43511 483056484
43511 483056762
43511 483056771
43511 483056773
43511 483056774
43511 483056872
43511 483056314
43511 483055393
43511 483056313
43511 483055384
43202 483056804
43202 483056902
43202 483056904
43202 483066002
43202 483065084
43202 483065182
43511 483056431
43511 483056433
43511 483056832
43511 483056834
43511 483056843
43202 483066221
43202 483066244
43202 483066223
43202 483066341
43202 483066342
43202 483044874
43202 483045803
43202 483044894
43202 483044883
43202 483044893
43202 483044972
43202 483045902
43202 483045901
43202 483044994
43202 483045904
43202 483045721
43202 483045814
43202 483045912
43202 483045914
43202 483055012
43202 483055014
43202 483055112
43202 483055121
43202 483055114
43202 483055123
43202 483044993
43202 483045913
43202 483045903
43202 483054092
43202 483054091
43202 483055013
43202 483054093
43202 483055111
43202 483055113
43202 483055211
43202 483055064
43202 483055161
43202 483055152
43202 483055154
43202 483055153
43202 483055163
43202 483055252
43202 483055261
43202 483055251
43202 483055263
43202 483055222
43202 483055232
43202 483055242
43202 483055241
43202 483055221
43202 483055231
43202 483055233
43202 483055234
43202 483055223
43202 483055224
43202 483054252
43202 483054262
43202 483054264
43202 483054254
43202 483054263
43202 483054273
43202 483054362
43202 483054361
43202 483054352
43202 483054371
43202 483055341
43202 483055342
43202 483055322
43202 483055321
43202 483055331
43202 483055332
43202 483055323
43202 483055324
43202 483055421
43202 483055423
43202 483054364
43202 483054373
43202 483054363
43202 483054472
43202 483054471
43202 483054452
43202 483054462
43202 483054461
43202 483054474
43202 483054464
43202 483055202
43202 483054483
43202 483055413
43202 483054581
43202 483054584
43202 483054583
43202 483054682
43202 483054681
43202 483055611
43202 483054684
43202 483054473
43202 483054463
43202 483054454
43202 483054561
43202 483054552
43202 483054571
43202 483054562
43202 483054572
43202 483054563
43202 483054574
43203 483026413
43203 483026501
43203 483026502
43203 483025581
43203 483025582
43203 483026511
43203 483025591
43203 483026512
43203 483025592
43203 483025583
43203 483026521
43510 483026531
43203 483026524
43510 483026533
43510 483026534
43203 483026523
43203 483026622
43510 483026642
43510 483026641
43510 483026632
43501 483026563
43501 483026554
43501 483026583
43501 483026573
43501 483026584
43501 483026564
43501 483026574
43501 483026661
43501 483026652
43501 483026681
43203 483026503
43203 483025584
43203 483025594
43203 483026514
43203 483025593
43203 483026513
43203 483026504
43203 483025682
43203 483026611
43203 483026602
43203 483025692
43203 483025691
43203 483026601
43203 483026612
43203 483025683
43203 483025684
43203 483026613
43203 483026604
43203 483025693
43203 483025694
43203 483026621
43510 483026631
43510 483026643
43501 483026653
43510 483026633
43203 483026624
43501 483026644
43510 483026634
43203 483026623
43510 483026741
43501 483026672
43501 483026682
43501 483026654
43501 483026684
43501 483026673
43501 483026683
43501 483026663
43501 483026674
43501 483026664
43501 483026781
43203 483026603
43203 483026614
43203 483026711
43203 483026702
43203 483025792
43203 483026701
43203 483025781
43203 483026712
43203 483025782
43203 483025791
43501 483026762
43501 483026761
43501 483026752
43501 483026782
43501 483026772
43501 483026771
43501 483026774
43501 483026764
43501 483026783
43501 483026763
43510 483026732
43501 483026742
43203 483026721
43203 483026722
43501 483026751
43510 483026731
43510 483026734
43203 483026724
43203 483026723
43501 483026744
43514 483027614
43514 483027603
43514 483027613
43501 483026693
43514 483027721
43514 483026791
43514 483026792
43514 483027702
43514 483027712
43514 483027701
43514 483027654
43514 483027644
43514 483027634
43514 483027643
43514 483027653
43514 483027633
43514 483027742
43514 483027752
43514 483027722
43514 483027741
43514 483027732
43514 483027731
43514 483027751
43514 483027743
43514 483027753
43514 483027754
43514 483027734
43514 483027744
43514 483027724
43514 483027733
43514 483027711
43514 483027703
43514 483026794
43514 483027713
43514 483027704
43514 483027714
43514 483027723
43514 483027812
43514 483027811
43514 483026892
43514 483026891
43514 483027802
43514 483027821
43501 483026882
43514 483027803
43514 483026894
43514 483027804
43514 483026893
43514 483027823
43514 483027813
43514 483027851
43514 483027831
43514 483027841
43514 483027832
43514 483027842
43514 483027822
43514 483027852
43514 483027843
43514 483027853
43514 483027833
43514 483027824
43505 483027854
43514 483027834
43514 483027844
43514 483027942
43505 483027951
43514 483027941
43514 483027932
43514 483027922
43514 483027931
43514 483027814
43501 483026884
43514 483027921
43514 483027901
43514 483027911
43514 483026992
43514 483026991
43514 483027902
43514 483027912
43514 483027904
43505 483027973
43505 483027963
43505 483027954
43505 483027964
43505 483037072
43505 483037071
43505 483037052
43505 483037061
43506 483037081
43505 483037062
43514 483027924
43514 483027943
43514 483027934
43505 483027953
43514 483027944
43514 483027933
43505 483037042
43505 483037031
43505 483037041
43505 483037051
43203 483025783
43203 483026703
43203 483026704
43203 483026713
43203 483025793
43203 483026714
43203 483025784
43203 483025794
43203 483025891
43512 483026812
43501 483026754
43501 483026784
43501 483026773
43501 483026881
43501 483026872
43501 483026851
43501 483026852
43501 483026854
43501 483026883
43501 483026863
43501 483026753
43510 483026733
43501 483026743
43510 483026831
43203 483026821
43203 483026822
43501 483026842
43510 483026841
43510 483026832
43510 483026843
43512 483026811
43203 483025892
43203 483026801
43203 483025881
43203 483025882
43203 483025883
43203 483025893
43512 483026814
43203 483025894
43512 483026813
43512 483026823
43512 483026833
43512 483026824
43501 483026844
43510 483026834
43510 483026942
43510 483026941
43512 483026922
43512 483026931
43512 483026912
43203 483025884
43203 483025992
43203 483025991
43512 483026911
43512 483026902
43203 483025981
43203 483025982
43203 483025994
43512 483026913
43512 483026904
43501 483026853
43501 483026962
43514 483026982
43510 483026961
43510 483026951
43501 483026971
43510 483026952
43510 483026954
43501 483026974
43510 483026963
43512 483026921
43510 483026932
43510 483026943
43512 483026933
43510 483026934
43512 483026914
43510 483026944
43512 483026924
43512 483026923
43510 483036051
43203 483025984
43203 483025993
43513 483025983
43203 483035091
43203 483035082
43512 483035092
43512 483036011
43203 483035084
43512 483036013
43512 483035094
43514 483026984
43501 483026973
43501 483036072
43514 483036081
43514 483036082
43510 483036052
43510 483036061
43514 483036084
43510 483036064
43514 483036083
43514 483026994
43514 483026993
43514 483027903
43514 483027914
43514 483027923
43514 483027913
43514 483037012
43514 483037001
43514 483036091
43514 483037011
43505 483037032
43514 483037022
43505 483037043
43505 483037044
43505 483037053
43514 483037024
43505 483037034
43505 483037033
43505 483037142
43514 483037122
43514 483036092
43514 483037021
43514 483036094
43514 483037023
43514 483037013
43514 483036093
43514 483037014
43514 483037102
43514 483037121
43514 483037112
43505 483037074
43505 483037063
43505 483037064
43506 483037084
43505 483037054
43505 483037073
43506 483037083
43505 483037152
43505 483037171
43506 483037181
43505 483037172
43505 483037162
43506 483037182
43505 483037161
43505 483037174
43505 483037164
43505 483037173
43505 483037163
43506 483037184
43506 483037183
43505 483037151
43505 483037132
43505 483037141
43514 483037124
43505 483037143
43505 483037134
43505 483037153
43514 483037133
43505 483037144
43505 483037251
43514 483037111
43514 483036191
43514 483037114
43514 483037123
43514 483037104
43514 483036193
43514 483037103
43514 483037113
43514 483037202
43514 483037212
43505 483037154
43505 483037252
43505 483037262
43506 483037281
43506 483037272
43506 483037282
43505 483037261
43505 483037271
43506 483037283
43505 483037273
43514 483037222
43505 483037232
43505 483037242
43505 483037241
43505 483037231
43505 483037224
43505 483037233
43505 483037244
43505 483037234
43505 483037253
43506 483130201
43506 483037291
43506 483130204
43506 483130213
43506 483037284
43506 483037293
43506 483037294
43506 483037392
43506 483130302
43506 483130301
43505 483037263
43505 483037274
43505 483037254
43505 483037264
43505 483037362
43505 483037361
43505 483037352
43506 483037381
43505 483037371
43505 483037372
43505 483037243
43505 483037332
43505 483037322
43505 483037341
43505 483037342
43505 483037351
43505 483037343
43505 483037344
43505 483037353
43505 483037333
43514 483037221
43514 483037223
43514 483037214
43514 483037312
43514 483037321
43514 483037314
43514 483037413
43514 483037414
43514 483037404
43505 483037521
43506 483037382
43506 483037391
43506 483037384
43506 483037394
43506 483130303
43506 483130304
43506 483037393
43506 483037491
43506 483130401
43506 483130402
43505 483037373
43505 483037363
43505 483037354
43506 483037383
43505 483037364
43506 483037374
43505 483037462
43506 483037481
43505 483037461
43505 483037452
43505 483037471
43505 483037472
43506 483037482
43505 483037454
43505 483037463
43505 483037473
43506 483037484
43505 483037483
43505 483037474
43505 483037464
43505 483037334
43505 483037451
43505 483037431
43505 483037441
43505 483037432
43505 483037442
43505 483037453
43505 483037443
43505 483037542
43505 483037532
43506 483037492
43506 483037493
43506 483037494
43506 483130403
43506 483037592
43507 483037591
43506 483037594
43507 483037593
43507 483037682
43507 483037692
43505 483037552
43507 483037582
43505 483037561
43505 483037562
43507 483037581
43505 483037564
43505 483037554
43505 483037573
43505 483037563
43507 483037584
43505 483037541
43505 483037551
43505 483037544
43505 483037534
43505 483037524
43505 483037543
43505 483037651
43505 483037622
43505 483037631
43505 483037641
43510 483036042
43512 483036031
43512 483036021
43512 483036012
43512 483036022
43510 483036053
43512 483036023
43512 483036024
43512 483036033
43512 483036014
43512 483035093
43512 483035192
43512 483036111
43512 483036112
43512 483036101
43512 483036114
43512 483036103
43512 483035194
43512 483036113
43512 483036212
43510 483036054
43514 483036172
43510 483036152
43514 483036181
43510 483036163
43510 483036154
43514 483036184
43514 483036183
43510 483036261
43514 483036282
43510 483036044
43512 483036122
43510 483036151
43512 483036121
43512 483036124
43512 483036133
43512 483036222
43512 483036231
43512 483036224
43512 483036233
43510 483036262
43510 483036271
43510 483036252
43510 483036264
43510 483036273
43510 483036372
43510 483036362
43510 483036371
43510 483036373
43510 483036374
43512 483036201
43512 483036211
43512 483036203
43512 483036301
43512 483035392
43512 483035394
43512 483035492
43512 483035494
43512 483035594
43512 483036513
43510 483036472
43510 483036471
43510 483036474
43510 483036483
43510 483036572
43510 483036571
43510 483036671
43510 483036672
43510 483036674
43510 483036664
43512 483036321
43512 483036324
43512 483036432
43512 483036434
43512 483036541
43512 483036641
43512 483036632
43512 483036644
43512 483036821
43512 483036823
43512 483036514
43512 483035692
43512 483036612
43512 483035694
43512 483036713
43512 483036811
43512 483036812
43512 483035992
43512 483036901
43512 483045082
43510 483036762
43510 483036771
43510 483036773
43510 483036774
43510 483036872
43510 483036862
43510 483036871
43510 483036873
43510 483036952
43510 483036971
43507 483037684
43507 483037694
43506 483130603
43506 483130702
43506 483130701
43507 483130704
43507 483130703
43506 483130802
43507 483130812
43507 483130811
43507 483130744
43507 483130733
43507 483130743
43507 483130734
43507 483130821
43507 483130851
43507 483130822
43507 483130841
43507 483130832
43507 483130831
43507 483130963
43507 483140061
43507 483140062
43507 483130842
43507 483130833
43507 483130844
43507 483130834
43507 483130853
43507 483130843
43507 483130951
43507 483130942
43507 483130931
43507 483130934
43507 483130954
43507 483130953
43507 483140052
43507 483140031
43507 483140051
43507 483140054
43507 483140332
43507 483140334
43507 483140343
43507 483140432
43507 483140013
43507 483140102
43507 483140111
43507 483140113
43507 483140213
43507 483140311
43507 483140313
43507 483140414
43507 483140512
43507 483140514
43507 483140611
43507 483140612
43507 483140613
43507 483140711
43507 483047791
43507 483047784
43507 483140703
43507 483140713
43507 483140704
43507 483140801
43505 483037642
43505 483037632
43505 483037653
43505 483037643
43505 483037634
43505 483037633
43505 483037741
43505 483037732
43505 483037751
43505 483037731
43505 483037662
43505 483037661
43505 483037654
43505 483037664
43505 483037663
43505 483037673
43505 483037761
43507 483037782
43505 483037754
43507 483037784
43505 483037733
43505 483037753
43505 483037734
43505 483037851
43505 483037831
43505 483037842
43505 483037833
43505 483037844
43505 483037942
43505 483037922
43507 483037783
43507 483037881
43507 483037883
43507 483037972
43507 483037983
43507 483037974
43507 483047081
43507 483047072
43507 483047083
43507 483047074
43514 483037513
43505 483037623
43510 483037903
43510 483046092
43510 483047001
43510 483046091
43511 483046384
43511 483046794
43511 483046894
43511 483046893
43505 483037944
43505 483037924
43505 483047042
43505 483047043
43511 483047532
43511 483047541
43511 483047534
43511 483047633
43511 483047634
43511 483047741
43507 483047181
43507 483047172
43507 483047174
43507 483047173
43507 483047272
43507 483047473
43507 483047783
43507 483047881
43507 483047874
43202 483057972
43511 483047742
43511 483047732
43511 483047744
43511 483047734
43511 483047831
43511 483047832
43202 483057424
43202 483057434
43202 483057522
43202 483057531
43511 483046993
43511 483057002
43511 483057011
43511 483057001
43511 483056184
43511 483056384
43511 483056591
43202 483057801
43202 483056892
43202 483057823
43202 483057803
43202 483056894
43202 483056992
43202 483056993
43202 483057903
43202 483057923
43202 483056994
43202 483067021
43202 483067014
43202 483067112
43507 483140431
43507 483140423
43507 483140532
43507 483140522
43507 483140521
43507 483140523
43507 483140524
43507 483140534
43507 483140631
43202 483044962
43202 483044961
43202 483054044
43202 483054151
43202 483054142
43202 483054153
43202 483054163
43202 483054154
43202 483054164
43202 483054261
43202 483044934
43202 483044933
43202 483054041
43202 483054032
43202 483054043
43202 483054743
43202 483054841
43202 483054832
43202 483054941
43202 483054932
43202 483054674
43202 483054673
43202 483054663
43202 483054742
43202 483054752
43202 483054761
43202 483054762
43202 483054751
43202 483054772
43202 483054771
43202 483054754
43202 483054744
43202 483054753
43202 483054774
43202 483054764
43202 483054773
43202 483054763
43202 483054862
43202 483054871
43202 483054852
43202 483054872
43202 483054842
43202 483054851
43202 483054861
43202 483054844
43202 483054843
43202 483054854
43202 483054864
43202 483054873
43202 483054863
43202 483054874
43202 483054853
43202 483054971
43202 483054961
43202 483054952
43202 483054942
43202 483054951
43202 483054972
43202 483054962
43202 483054974
43202 483054973
43202 483054963
43202 483054954
43202 483054943
43202 483054964
43202 483064072
43202 483064071
43202 483064062
43202 483064061
43202 483064044
43202 483064053
43202 483064063
43202 483064073
43202 483064064
43202 483064074
43202 483064054
43202 483064161
43202 483064142
43202 483064172
43202 483064151
43202 483064171
43202 483064152
43202 483064162
43202 483064163
43202 483064164
43202 483064153
43202 483064173
43202 483064174
43202 483064144
43202 483064154
43202 483055521
43202 483055531
43202 483055522
43202 483055544
43202 483055523
43202 483055514
43202 483055543
43202 483055621
43202 483055612
43202 483055641
43202 483054554
43202 483054564
43202 483054573
43202 483054661
43202 483054652
43202 483054662
43202 483054671
43202 483054672
43202 483054654
43202 483054664
43202 483055351
43202 483055361
43202 483055353
43202 483055651
43202 483055652
43202 483055673
43202 483055653
43202 483055674
43202 483055862
43202 483065081
43202 483054683
43202 483055613
43202 483055604
43202 483054791
43202 483055702
43202 483054781
43202 483054782
43202 483054784
43202 483054793
43202 483054783
43202 483054794
43202 483054882
43202 483055801
43202 483054891
43202 483054881
43202 483054892
43202 483054883
43202 483055804
43202 483054884
43202 483055803
43202 483055644
43202 483055623
43202 483055643
43202 483055624
43202 483055912
43202 483055923
43202 483055914
43202 483065042
43202 483065021
43202 483065012
43202 483054894
43202 483054893
43202 483055813
43202 483054981
43202 483054992
43202 483055911
43202 483055902
43202 483054991
43202 483054982
43202 483054984
43202 483054994
43202 483055903
43202 483054983
43202 483054993
43202 483055913
43202 483055904
43202 483065011
43202 483064092
43202 483065002
43202 483064081
43202 483064082
43202 483065001
43202 483064091
43202 483065013
43202 483065003
43202 483064083
43202 483064084
43202 483065004
43202 483064093
43202 483064094
43202 483065022
43202 483065034
43202 483065023
43202 483065014
43202 483065033
43202 483065142
43202 483065112
43202 483065121
43202 483065123
43202 483065114
43202 483064182
43202 483064191
43202 483065102
43202 483065111
43202 483064192
43202 483064181
43202 483065101
43202 483064194
43202 483065113
43202 483065104
43202 483065053
43202 483065152
43202 483065173
43202 483065174
43202 483065163
43202 483065261
43202 483065271
43202 483065272
43202 483065263
43202 483065254
43202 483065103
43202 483064183
43202 483064184
43202 483064193
43202 483064292
43202 483065211
43202 483065201
43202 483064281
43202 483064291
43202 483065202
43202 483065124
43202 483065143
43202 483065221
43202 483065222
43202 483065241
43202 483065212
43202 483065224
43202 483065223
43202 483065214
43202 483065331
43202 483064282
43202 483064294
43202 483064293
43202 483065213
43202 483064283
43202 483065204
43202 483065203
43202 483064284
43202 483065301
43202 483065311
43202 483064391
43202 483065302
43202 483064381
43202 483064392
43202 483064382
43202 483065313
43202 483064394
43202 483064393
43202 483065304
43202 483064384
43202 483065321
43202 483065322
43202 483065312
43202 483065334
43202 483065323
43202 483065333
43202 483065324
43202 483065314
43202 483065431
43202 483065432
43202 483065362
43202 483065361
43202 483065373
43202 483065363
43202 483065364
43202 483065472
43202 483065462
43202 483065471
43202 483065473
43202 483065303
43202 483064383
43202 483064491
43202 483064481
43202 483064482
43202 483064492
43202 483065402
43202 483065401
43202 483065411
43202 483064494
43202 483065441
43202 483065421
43202 483065412
43202 483065414
43202 483065433
43202 483065424
43202 483065423
43202 483065434
43202 483064484
43202 483064483
43202 483065403
43202 483065404
43202 483065413
43202 483064493
43202 483064582
43202 483064591
43202 483065502
43202 483064592
43202 483065463
43202 483065474
43202 483065572
43202 483065571
43202 483065561
43202 483065562
43202 483065564
43202 483065522
43202 483065512
43202 483065521
43202 483065532
43202 483065523
43202 483065524
43202 483065514
43202 483064581
43202 483065501
43202 483065511
43202 483064584
43202 483064583
43202 483064593
43202 483065513
43202 483065504
43202 483064594
43202 483065503
43202 483064563
43202 483064574
43202 483064573
43202 483064554
43202 483064564
43202 483064652
43202 483064672
43202 483064671
43202 483064661
43202 483064662
43202 483065573
43202 483065574
43202 483065671
43202 483065672
43202 483065681
43202 483065621
43202 483065622
43202 483065632
43202 483065631
43202 483065612
43202 483065624
43202 483065602
43202 483064682
43202 483065611
43202 483064692
43202 483064681
43202 483065601
43202 483064691
43202 483064684
43202 483064693
43202 483065613
43202 483064694
43202 483064683
43202 483065604
43202 483065603
43202 483064782
43202 483065701
43202 483065711
43202 483064781
43202 483064792
43202 483065702
43202 483064251
43202 483064271
43202 483064272
43202 483064261
43202 483064242
43202 483064262
43202 483064252
43202 483064254
43202 483064274
43202 483064264
43202 483064141
43202 483064143
43202 483064241
43202 483064234
43202 483064243
43202 483064233
43202 483064331
43202 483064341
43202 483064332
43202 483064343
43202 483064244
43202 483064253
43202 483064263
43202 483064273
43202 483064362
43202 483064352
43202 483064342
43202 483064361
43202 483064371
43202 483064351
43202 483064372
43202 483064374
43202 483064354
43202 483064353
43202 483064364
43202 483064344
43202 483064363
43202 483064373
43202 483064452
43202 483064442
43202 483064472
43202 483064451
43202 483064462
43202 483064461
43202 483064471
43202 483064473
43202 483064444
43202 483064463
43202 483064474
43202 483064453
43202 483064454
43202 483064464
43202 483064542
43202 483064552
43202 483064561
43202 483064551
43202 483064572
43202 483064571
43202 483064541
43202 483064562
43202 483064334
43202 483064441
43202 483064432
43202 483064443
43202 483065634
43202 483065633
43202 483065623
43202 483065614
43202 483065721
43202 483065712
43202 483065722
43202 483065732
43202 483064673
43202 483064663
43202 483064674
43202 483064654
43202 483064664
43202 483064762
43202 483064772
43202 483064761
43202 483064771
43202 483064763
43202 483065731
43202 483065734
43202 483065723
43202 483065714
43202 483065733
43202 483065724
43202 483064791
43202 483064784
43202 483065703
43202 483064783
43202 483065713
43202 483064794
43202 483065704
43202 483064793
43202 483064892
43202 483065801
43202 483065832
43202 483065812
43202 483065831
43202 483065821
43202 483065822
43202 483065823
43202 483065834
43202 483065814
43202 483064891
43202 483065811
43202 483064881
43202 483065813
43202 483064893
43202 483064883
43202 483064884
43202 483064894
43202 483065804
43202 483064992
43202 483064764
43202 483064773
43202 483064774
43202 483064872
43202 483064871
43202 483064873
43202 483064874
43202 483064971
43202 483064972
43202 483064974
43202 483065833
43202 483065824
43202 483065912
43202 483065922
43202 483065921
43202 483065901
43202 483064981
43202 483064991
43202 483065902
43202 483065911
43202 483064982
43202 483064983
43202 483064984
43202 483065904
43202 483065903
43202 483065914
43202 483065924
43202 483065923
43202 483075021
43202 483065913
43202 483064994
43202 483064993
43202 483075011
43202 483075001
43202 483075002
43202 483074072
43202 483074092
43202 483074081
43202 483075013
43202 483075012
43202 483075003
43202 483075004
43202 483074094
43202 483075111
43202 483074192
43202 483075101
43202 483075102
43202 483075104
43202 483075103
43202 483066102
43202 483066103
43202 483065184
43202 483065193
43202 483066104
43202 483065194
43202 483065282
43202 483066212
43202 483066201
43202 483065291
43511 483056861
43511 483056863
43511 483056854
43202 483066362
43202 483066364
43202 483066363
43202 483066481
43202 483066463
43202 483066454
43202 483066552
43202 483066343
43202 483066442
43202 483066432
43202 483066441
43202 483066444
43202 483066443
43202 483066542
43202 483066541
43202 483066532
43202 483066531
43202 483066571
43202 483066561
43202 483066563
43202 483066554
43202 483066671
43202 483066681
43202 483066662
43202 483066652
43202 483066673
43202 483066664
43202 483066551
43202 483066543
43202 483066544
43202 483066553
43202 483066642
43202 483066643
43202 483066614
43202 483066721
43202 483066712
43202 483066741
43202 483065584
43202 483065593
43202 483065583
43202 483065682
43202 483065691
43202 483065692
43202 483066601
43202 483065694
43202 483065684
43202 483066603
43202 483066604
43202 483065782
43202 483066711
43202 483065791
43202 483066702
43202 483066704
43202 483066723
43202 483066724
43202 483066822
43202 483066821
43202 483066831
43202 483066812
43202 483066834
43202 483066823
43202 483066833
43202 483066824
43202 483066663
43202 483066654
43202 483066683
43202 483066773
43202 483066784
43202 483066872
43202 483057981
43202 483057983
43202 483057974
43202 483067071
43202 483067062
43202 483067061
43202 483067081
43202 483067064
43202 483067073
43202 483067083
43202 483067113
43202 483067114
43202 483067204
43202 483067421
43202 483067413
43202 483067521
43202 483067613
43202 483066791
43202 483067711
43202 483067823
43202 483057824
43202 483057922
43202 483067132
43202 483067134
43202 483067351
43202 483067551
43202 483067553
43202 483067824
43202 483067181
43202 483067182
43202 483067152
43202 483067184
43202 483067284
43202 483067552
43202 483067554
43202 483067563
43202 483057984
43202 483066932
43202 483066922
43202 483066921
43202 483066931
43202 483075202
43202 483075201