43202 43203 43501 43505 43506 43507 43510 43511 43512 43513 43514
483045241 483015273.0 483026052.0 483027861.0 483037194.0 483130741.0 483026434.0 483046174.0 483036921.0 483025113.0 483027164.0
483045232 483015443.0 483026054.0 483027864.0 483037193.0 483130732.0 483026433.0 483046281.0 483045083.0 483025103.0 483027163.0
483045332 483015642.0 483026053.0 483027863.0 483130114.0 483037591.0 483026424.0 483046283.0 483045172.0 483025104.0 483027261.0
483045412 483015641.0 483026293.0 483027972.0 483130113.0 483037593.0 483026522.0 483046372.0 483045171.0 483025201.0 483027262.0
483045414 483015644.0 483026391.0 483027962.0 483037292.0 483037682.0 483026542.0 483046373.0 483045183.0 483025214.0 483027264.0
483045423 483015643.0 483027303.0 483027952.0 483130222.0 483037692.0 483026532.0 483046462.0 483045481.0 483025312.0 483027263.0
483045411 483025044.0 483026393.0 483027961.0 483130233.0 483037582.0 483026541.0 483046472.0 483045084.0 483025412.0 483027362.0
483045532 483025232.0 483026394.0 483120102.0 483037081.0 483037581.0 483046161.0 483046571.0 483045382.0 483025432.0 483027212.0
483045521 483015372.0 483026492.0 483120203.0 483037084.0 483037584.0 483036951.0 483046662.0 483045384.0 483025423.0 483027214.0
483045523 483015371.0 483026491.0 483120204.0 483037083.0 483037684.0 483046253.0 483046753.0 483045491.0 483025443.0 483027302.0
483045544 483015444.0 483026494.0 483120313.0 483037181.0 483037694.0 483026531.0 483046734.0 483026812.0 483025514.0 483027321.0
483045543 483015463.0 483026493.0 483120421.0 483037182.0 483130704.0 483026533.0 483046744.0 483026811.0 483025213.0 483027322.0
483045621 483015551.0 483026691.0 483120412.0 483037184.0 483130703.0 483026534.0 483046832.0 483026814.0 483024481.0 483027342.0
483045622 483015561.0 483026063.0 483120414.0 483037183.0 483130812.0 483026642.0 483046851.0 483026813.0 483024483.0 483027354.0
483045642 483015573.0 483026151.0 483120054.0 483037281.0 483130811.0 483026641.0 483046822.0 483026823.0 483025413.0 483027353.0
483045623 483015564.0 483026152.0 483120152.0 483037272.0 483130744.0 483026632.0 483046824.0 483026833.0 483024581.0 483027442.0
483045624 483025151.0 483026171.0 483120154.0 483037282.0 483130733.0 483026631.0 483055184.0 483026824.0 483025511.0 483027422.0
483044772 483025152.0 483026162.0 483120251.0 483037283.0 483130743.0 483026643.0 483055282.0 483026922.0 483024582.0 483027312.0
483044782 483025153.0 483026161.0 483120242.0 483130201.0 483130734.0 483026633.0 483056213.0 483026931.0 483025504.0 483027311.0
483044784 483025154.0 483026164.0 483120253.0 483037291.0 483130821.0 483026634.0 483056312.0 483026912.0 483025503.0 483027314.0
483044783 483025274.0 483026154.0 483120244.0 483130204.0 483130851.0 483026741.0 483055382.0 483026911.0 483025602.0 483027304.0
483044774 483025253.0 483026153.0 483120243.0 483130213.0 483130822.0 483026732.0 483055394.0 483026902.0 483025642.0 483027323.0
483044882 483025283.0 483026173.0 483120254.0 483037284.0 483130841.0 483026731.0 483046761.0 483026913.0 483025761.0 483027313.0
483044881 483025372.0 483026163.0 483120341.0 483037293.0 483130832.0 483026734.0 483046752.0 483026904.0 483025641.0 483027412.0
483044872 483025371.0 483026262.0 483120423.0 483037294.0 483130831.0 483026733.0 483046754.0 483026921.0 483025632.0 483027421.0
483044891 483025351.0 483026271.0 483120413.0 483037392.0 483130963.0 483026831.0 483046763.0 483026933.0 483025633.0 483027411.0
483044892 483025364.0 483026252.0 483120512.0 483130302.0 483140061.0 483026841.0 483046852.0 483026914.0 483025644.0 483027413.0
483044422 483025373.0 483026251.0 483120502.0 483130301.0 483140062.0 483026832.0 483046861.0 483026924.0 483025643.0 483027404.0
483044424 483025234.0 483026261.0 483120514.0 483037381.0 483130842.0 483026843.0 483046874.0 483026923.0 483025721.0 483027403.0
483044522 483025244.0 483026272.0 483120351.0 483037382.0 483130833.0 483026834.0 483046883.0 483035092.0 483025731.0 483027423.0
483044664 483025342.0 483026274.0 483120332.0 483037391.0 483130844.0 483026942.0 483046981.0 483036011.0 483025722.0 483027432.0
483044673 483016212.0 483026273.0 483120333.0 483037384.0 483130834.0 483026941.0 483046972.0 483036013.0 483025742.0 483027433.0
483044663 483016223.0 483026263.0 483120324.0 483037394.0 483130853.0 483026961.0 483046984.0 483035094.0 483025733.0 483027424.0
483044532 483016224.0 483026143.0 483120422.0 483130303.0 483130843.0 483026951.0 483056062.0 483036031.0 483025752.0 483027434.0
483044521 483016421.0 483026242.0 483027854.0 483130304.0 483130951.0 483026952.0 483056081.0 483036021.0 483025764.0 483027443.0
483044523 483016433.0 483026243.0 483027951.0 483037393.0 483130942.0 483026954.0 483056083.0 483036012.0 483025753.0 483027444.0
483044524 483016423.0 483026264.0 483027973.0 483037491.0 483130931.0 483026963.0 483056182.0 483036022.0 483025754.0 483027522.0
483044533 483016424.0 483026253.0 483027963.0 483130401.0 483130934.0 483026932.0 483056183.0 483036023.0 483025763.0 483027532.0
483044631 483016551.0 483026254.0 483027954.0 483130402.0 483130954.0 483026943.0 483056281.0 483036024.0 483025862.0 483027541.0
483044633 483016644.0 483026283.0 483027964.0 483037383.0 483130953.0 483026934.0 483056282.0 483036033.0 483025724.0 483027531.0
483044634 483016742.0 483026361.0 483037072.0 483037374.0 483140052.0 483026944.0 483056283.0 483036014.0 483025842.0 483027414.0
483044771 483016211.0 483026382.0 483037071.0 483037481.0 483140031.0 483036051.0 483056284.0 483035093.0 483025812.0 483027501.0
483044742 483016214.0 483026381.0 483037052.0 483037482.0 483140051.0 483036052.0 483046931.0 483035192.0 483025833.0 483027521.0
483044762 483016213.0 483026371.0 483037061.0 483037484.0 483140054.0 483036061.0 483046943.0 483036111.0 483025814.0 483026591.0
483044773 483016314.0 483026351.0 483037062.0 483037492.0 483140332.0 483036064.0 483046933.0 483036112.0 483025931.0 483027504.0
483044743 483016414.0 483026362.0 483027953.0 483037493.0 483140334.0 483036042.0 483056034.0 483036101.0 483025932.0 483027513.0
483044744 483016511.0 483026244.0 483037042.0 483037494.0 483140343.0 483036053.0 483056033.0 483036114.0 483025912.0 483027523.0
483044841 483016512.0 483026342.0 483037031.0 483130403.0 483140432.0 483036054.0 483056131.0 483036103.0 483025942.0 483026594.0
483044861 483016611.0 483026332.0 483037041.0 483037592.0 483140013.0 483036152.0 483056133.0 483035194.0 483025922.0 483027514.0
483044842 483015791.0 483026341.0 483037051.0 483037594.0 483140102.0 483036163.0 483056243.0 483036113.0 483024782.0 483026593.0
483044852 483015782.0 483026372.0 483037032.0 483130603.0 483140111.0 483036154.0 483056323.0 483036212.0 483024791.0 483027533.0
483044731 483026051.0 483026352.0 483037043.0 483130702.0 483140113.0 483036261.0 483056324.0 483036122.0 483024793.0 483027534.0
483044732 483016743.0 483026373.0 483037044.0 483130701.0 483140213.0 483036044.0 483056381.0 483036121.0 483025713.0 483027543.0
483044741 483016734.0 483026383.0 483037053.0 483130802.0 483140311.0 483036151.0 483056382.0 483036124.0 483024794.0 483027622.0
483044734 483016723.0 483026363.0 483037034.0  483140313.0 483036262.0 483056383.0 483036133.0 483025811.0 483027652.0
483044941 483016821.0 483026354.0 483037033.0  483140414.0 483036271.0 483056482.0 483036222.0 483025802.0 483027642.0
483044943 483016832.0 483026374.0 483037142.0  483140512.0 483036252.0 483056484.0 483036231.0 483025911.0 483027641.0
483044871 483016843.0 483026353.0 483037074.0  483140514.0 483036264.0 483056762.0 483036224.0 483025902.0 483027632.0
483044851 483016824.0 483026364.0 483037063.0  483140611.0 483036273.0 483056771.0 483036233.0 483025903.0 483027631.0
483044863 483016834.0 483026384.0 483037064.0  483140612.0 483036372.0 483056773.0 483036201.0 483025861.0 483027624.0
483044844 483016823.0 483026333.0 483037054.0  483140613.0 483036362.0 483056774.0 483036211.0 483025851.0 483027361.0
483044853 483016844.0 483026334.0 483037073.0  483140711.0 483036371.0 483056872.0 483036203.0 483025852.0 483027761.0
483044854 483015794.0 483026344.0 483037152.0  483047791.0 483036373.0 483056314.0 483036301.0 483025854.0 483027763.0
483044864 483015793.0 483026343.0 483037171.0  483047784.0 483036374.0 483055393.0 483035392.0 483025853.0 483027503.0
483044843 483015891.0 483026432.0 483037172.0  483140703.0 483036472.0 483056313.0 483035394.0 483025951.0 483027611.0
483044951 483016814.0 483026442.0 483037162.0  483140713.0 483036471.0 483055384.0 483035492.0 483025954.0 483027601.0
483044942 483016813.0 483026431.0 483037161.0  483140704.0 483036474.0 483056431.0 483035494.0 483025963.0 483027621.0
483045763 483015894.0 483026461.0 483037174.0  483140801.0 483036483.0 483056433.0 483035594.0 483035081.0 483027602.0
483045754 483015992.0 483026481.0 483037164.0  483037782.0 483036572.0 483056832.0 483036513.0 483025924.0 483026692.0
483045852 483015991.0 483026471.0 483037173.0  483037784.0 483036571.0 483056834.0 483036321.0 483025914.0 483027623.0
483045854 483016912.0 483026452.0 483037163.0  483037783.0 483036671.0 483056843.0 483036324.0 483035032.0 483026694.0
483055062 483015993.0 483026462.0 483037151.0  483037881.0 483036672.0 483046384.0 483036432.0 483035012.0 483027604.0
483056804 483016833.0 483026451.0 483037132.0  483037883.0 483036674.0 483046794.0 483036434.0 483035021.0 483026484.0
483056902 483016932.0 483026472.0 483037141.0  483037972.0 483036664.0 483046894.0 483036541.0 483035044.0 483027614.0
483056904 483016941.0 483026482.0 483037143.0  483037983.0 483036762.0 483046893.0 483036641.0 483035023.0 483027603.0
483066002 483016942.0 483026474.0 483037134.0  483037974.0 483036771.0 483047532.0 483036632.0 483035024.0 483027613.0
483065084 483016921.0 483026463.0 483037153.0  483047081.0 483036773.0 483047541.0 483036644.0 483035033.0 483027721.0
483065182 483016922.0 483026441.0 483037144.0  483047072.0 483036774.0 483047534.0 483036821.0 483035034.0 483026791.0
483066221 483016944.0 483026483.0 483037251.0  483047083.0 483036872.0 483047633.0 483036823.0 483024993.0 483026792.0
483066244 483016934.0 483026464.0 483037154.0  483047074.0 483036862.0 483047634.0 483036514.0 483024994.0 483027702.0
483066223 483016943.0 483026473.0 483037252.0  483047181.0 483036871.0 483047741.0 483035692.0 483035011.0 483027712.0
483066341 483016953.0 483026582.0 483037262.0  483047172.0 483036873.0 483047742.0 483036612.0 483034092.0 483027701.0
483066342 483016904.0 483026571.0 483037261.0  483047174.0 483036952.0 483047732.0 483035694.0 483035004.0 483027654.0
483044874 483015984.0 483026572.0 483037271.0  483047173.0 483036971.0 483047744.0 483036713.0 483035003.0 483027644.0
483045803 483016913.0 483026581.0 483037273.0  483047272.0 483037903.0 483047734.0 483036811.0 483035101.0 483027634.0
483044894 483026012.0 483026562.0 483037232.0  483047473.0 483046092.0 483047831.0 483036812.0 483034193.0 483027643.0
483044883 483026011.0 483026561.0 483037242.0  483047783.0 483047001.0 483047832.0 483035992.0 483034184.0 483027653.0
483044893 483025082.0 483026563.0 483037241.0  483047881.0 483046091.0 483046993.0 483036901.0 483035103.0 483027633.0
483044972 483026002.0 483026554.0 483037231.0  483047874.0  483057002.0 483045082.0 483034194.0 483027742.0
483045902 483026013.0 483026583.0 483037224.0  483140431.0  483057011.0  483034282.0 483027752.0
483045901 483026004.0 483026573.0 483037233.0  483140423.0  483057001.0  483034281.0 483027722.0
483044994 483026014.0 483026584.0 483037244.0  483140532.0  483056184.0  483034384.0 483027741.0
483045904 483026041.0 483026564.0 483037234.0  483140522.0  483056384.0  483034383.0 483027732.0
483045721 483026032.0 483026574.0 483037253.0  483140521.0  483056591.0  483034394.0 483027731.0
483045814 483026042.0 483026661.0 483037263.0  483140523.0  483056861.0  483034272.0 483027751.0
483045912 483026034.0 483026652.0 483037274.0  483140524.0  483056863.0  483035141.0 483027743.0
483045914 483026044.0 483026681.0 483037254.0  483140534.0  483056854.0  483035121.0 483027753.0
483055012 483026043.0 483026653.0 483037264.0  483140631.0    483035131.0 483027754.0
483055014 483026131.0 483026644.0 483037362.0      483035133.0 483027734.0
483055112 483026132.0 483026672.0 483037361.0      483035222.0 483027744.0
483055121 483026144.0 483026682.0 483037352.0      483035224.0 483027724.0
483055114 483026133.0 483026654.0 483037371.0      483035412.0 483027733.0
483055123 483026112.0 483026684.0 483037372.0      483035612.0 483027711.0
483044993 483026102.0 483026673.0 483037243.0      483035623.0 483027703.0
483045913 483026111.0 483026683.0 483037332.0      483035721.0 483026794.0
483045903 483025194.0 483026663.0 483037322.0      483035063.0 483027713.0
483054092 483026114.0 483026674.0 483037341.0      483035083.0 483027704.0
483054091 483026113.0 483026664.0 483037342.0      483035261.0 483027714.0
483055013 483026211.0 483026781.0 483037351.0      483035263.0 483027723.0
483054093 483026212.0 483026762.0 483037343.0      483035361.0 483027812.0
483055111 483025291.0 483026761.0 483037344.0      483035363.0 483027811.0
483055113 483025284.0 483026752.0 483037353.0      483035364.0 483026892.0
483055211 483026124.0 483026782.0 483037333.0      483035461.0 483026891.0
483055064 483026134.0 483026772.0 483037521.0      483035462.0 483027802.0
483055161 483026232.0 483026771.0 483037373.0      483035853.0 483027821.0
483055152 483026222.0 483026774.0 483037363.0      483034492.0 483027803.0
483055154 483026231.0 483026764.0 483037354.0      483035511.0 483026894.0
483055153 483026221.0 483026783.0 483037364.0      483035513.0 483027804.0
483055163 483026223.0 483026763.0 483037462.0      483034583.0 483026893.0
483055252 483026214.0 483026742.0 483037461.0      483035503.0 483027823.0
483055261 483026213.0 483026751.0 483037452.0      483034682.0 483027813.0
483055251 483025293.0 483026744.0 483037471.0      483034684.0 483027851.0
483055263 483026301.0 483026693.0 483037472.0      483034791.0 483027831.0
483055222 483026312.0 483026882.0 483037454.0      483034793.0 483027841.0
483055232 483025382.0 483026884.0 483037463.0      483034794.0 483027832.0
483055242 483026311.0 483026754.0 483037473.0      483034892.0 483027842.0
483055241 483025381.0 483026784.0 483037483.0      483035803.0 483027822.0
483055221 483026302.0 483026773.0 483037474.0      483034883.0 483027852.0
483055231 483025391.0 483026881.0 483037464.0      483035911.0 483027843.0
483055233 483026224.0 483026872.0 483037334.0      483035902.0 483027853.0
483055234 483026234.0 483026851.0 483037451.0      483034981.0 483027833.0
483055223 483026233.0 483026852.0 483037431.0      483034983.0 483027824.0
483055224 483026331.0 483026854.0 483037441.0      483044083.0 483027834.0
483054252 483026322.0 483026883.0 483037432.0      483044181.0 483027844.0
483054262 483026321.0 483026863.0 483037442.0      483045103.0 483027942.0
483054264 483025384.0 483026753.0 483037453.0      483045201.0 483027941.0
483054254 483025393.0 483026743.0 483037443.0      483045202.0 483027932.0
483054263 483025383.0 483026842.0 483037542.0      483035842.0 483027922.0
483054273 483026313.0 483026844.0 483037532.0      483035844.0 483027931.0
483054362 483026304.0 483026853.0 483037552.0      483045121.0 483027814.0
483054361 483026303.0 483026962.0 483037561.0      483045122.0 483027921.0
483054352 483026314.0 483026971.0 483037562.0      483025983.0 483027901.0
483054371 483026412.0 483026974.0 483037564.0       483027911.0
483055341 483026411.0 483026973.0 483037554.0       483026992.0
483055342 483026402.0 483036072.0 483037573.0       483026991.0
483055322 483026324.0  483037563.0       483027902.0
483055321 483026323.0  483037541.0       483027912.0
483055331 483026422.0  483037551.0       483027904.0
483055332 483025482.0  483037544.0       483027924.0
483055323 483025491.0  483037534.0       483027943.0
483055324 483025492.0  483037524.0       483027934.0
483055421 483026401.0  483037543.0       483027944.0
483055423 483026414.0  483037651.0       483027933.0
483054364 483025494.0  483037622.0       483026982.0
483054373 483026403.0  483037631.0       483026984.0
483054363 483025493.0  483037641.0       483036081.0
483054472 483025484.0  483037642.0       483036082.0
483054471 483026404.0  483037632.0       483036084.0
483054452 483026421.0  483037653.0       483036083.0
483054462 483026423.0  483037643.0       483026994.0
483054461 483025374.0  483037634.0       483026993.0
483054474 483025354.0  483037633.0       483027903.0
483054464 483025452.0  483037741.0       483027914.0
483055202 483025471.0  483037732.0       483027923.0
483054483 483025472.0  483037751.0       483027913.0
483055413 483025481.0  483037731.0       483037012.0
483054581 483025483.0  483037662.0       483037001.0
483054584 483025573.0  483037661.0       483036091.0
483054583 483025574.0  483037654.0       483037011.0
483054682 483025681.0  483037664.0       483037022.0
483054681 483025672.0  483037663.0       483037024.0
483055611 483025671.0  483037673.0       483037122.0
483054684 483025673.0  483037761.0       483036092.0
483054473 483025664.0  483037754.0       483037021.0
483054463 483025674.0  483037733.0       483036094.0
483054454 483025762.0  483037753.0       483037023.0
483054561 483025772.0  483037734.0       483037013.0
483054552 483025771.0  483037851.0       483036093.0
483054571 483025774.0  483037831.0       483037014.0
483054562 483025773.0  483037842.0       483037102.0
483054572 483025871.0  483037833.0       483037121.0
483054563 483025872.0  483037844.0       483037112.0
483054574 483025874.0  483037942.0       483037124.0
483057972 483026413.0  483037922.0       483037133.0
483057424 483026501.0  483037623.0       483037111.0
483057434 483026502.0  483037944.0       483036191.0
483057522 483025581.0  483037924.0       483037114.0
483057531 483025582.0  483047042.0       483037123.0
483057801 483026511.0  483047043.0       483037104.0
483056892 483025591.0         483036193.0
483057823 483026512.0         483037103.0
483057803 483025592.0         483037113.0
483056894 483025583.0         483037202.0
483056992 483026521.0         483037212.0
483056993 483026524.0         483037222.0
483057903 483026523.0         483037221.0
483057923 483026622.0         483037223.0
483056994 483026503.0         483037214.0
483067021 483025584.0         483037312.0
483067014 483025594.0         483037321.0
483067112 483026514.0         483037314.0
483044962 483025593.0         483037413.0
483044961 483026513.0         483037414.0
483054044 483026504.0         483037404.0
483054151 483025682.0         483036172.0
483054142 483026611.0         483036181.0
483054153 483026602.0         483036184.0
483054163 483025692.0         483036183.0
483054154 483025691.0         483036282.0
483054164 483026601.0         483037513.0
483054261 483026612.0         
483044934 483025683.0         
483044933 483025684.0         
483054041 483026613.0         
483054032 483026604.0         
483054043 483025693.0         
483054743 483025694.0         
483054841 483026621.0         
483054832 483026624.0         
483054941 483026623.0         
483054932 483026603.0         
483054674 483026614.0         
483054673 483026711.0         
483054663 483026702.0         
483054742 483025792.0         
483054752 483026701.0         
483054761 483025781.0         
483054762 483026712.0         
483054751 483025782.0         
483054772 483025791.0         
483054771 483026721.0         
483054754 483026722.0         
483054744 483026724.0         
483054753 483026723.0         
483054774 483025783.0         
483054764 483026703.0         
483054773 483026704.0         
483054763 483026713.0         
483054862 483025793.0         
483054871 483026714.0         
483054852 483025784.0         
483054872 483025794.0         
483054842 483025891.0         
483054851 483026821.0         
483054861 483026822.0         
483054844 483025892.0         
483054843 483026801.0         
483054854 483025881.0         
483054864 483025882.0         
483054873 483025883.0         
483054863 483025893.0         
483054874 483025894.0         
483054853 483025884.0         
483054971 483025992.0         
483054961 483025991.0         
483054952 483025981.0         
483054942 483025982.0         
483054951 483025994.0         
483054972 483025984.0         
483054962 483025993.0         
483054974 483035091.0         
483054973 483035082.0         
483054963 483035084.0         
483054954          
483054943          
483054964          
483064072          
483064071          
483064062          
483064061          
483064044          
483064053          
483064063          
483064073          
483064064          
483064074          
483064054          
483064161          
483064142          
483064172          
483064151          
483064171          
483064152          
483064162          
483064163          
483064164          
483064153          
483064173          
483064174          
483064144          
483064154          
483055521          
483055531          
483055522          
483055544          
483055523          
483055514          
483055543          
483055621          
483055612          
483055641          
483054554          
483054564          
483054573          
483054661          
483054652          
483054662          
483054671          
483054672          
483054654          
483054664          
483055351          
483055361          
483055353          
483055651          
483055652          
483055673          
483055653          
483055674          
483055862          
483065081          
483054683          
483055613          
483055604          
483054791          
483055702          
483054781          
483054782          
483054784          
483054793          
483054783          
483054794          
483054882          
483055801          
483054891          
483054881          
483054892          
483054883          
483055804          
483054884          
483055803          
483055644          
483055623          
483055643          
483055624          
483055912          
483055923          
483055914          
483065042          
483065021          
483065012          
483054894          
483054893          
483055813          
483054981          
483054992          
483055911          
483055902          
483054991          
483054982          
483054984          
483054994          
483055903          
483054983          
483054993          
483055913          
483055904          
483065011          
483064092          
483065002          
483064081          
483064082          
483065001          
483064091          
483065013          
483065003          
483064083          
483064084          
483065004          
483064093          
483064094          
483065022          
483065034          
483065023          
483065014          
483065033          
483065142          
483065112          
483065121          
483065123          
483065114          
483064182          
483064191          
483065102          
483065111          
483064192          
483064181          
483065101          
483064194          
483065113          
483065104          
483065053          
483065152          
483065173          
483065174          
483065163          
483065261          
483065271          
483065272          
483065263          
483065254          
483065103          
483064183          
483064184          
483064193          
483064292          
483065211          
483065201          
483064281          
483064291          
483065202          
483065124          
483065143          
483065221          
483065222          
483065241          
483065212          
483065224          
483065223          
483065214          
483065331          
483064282          
483064294          
483064293          
483065213          
483064283          
483065204          
483065203          
483064284          
483065301          
483065311          
483064391          
483065302          
483064381          
483064392          
483064382          
483065313          
483064394          
483064393          
483065304          
483064384          
483065321          
483065322          
483065312          
483065334          
483065323          
483065333          
483065324          
483065314          
483065431          
483065432          
483065362          
483065361          
483065373          
483065363          
483065364          
483065472          
483065462          
483065471          
483065473          
483065303          
483064383          
483064491          
483064481          
483064482          
483064492          
483065402          
483065401          
483065411          
483064494          
483065441          
483065421          
483065412          
483065414          
483065433          
483065424          
483065423          
483065434          
483064484          
483064483          
483065403          
483065404          
483065413          
483064493          
483064582          
483064591          
483065502          
483064592          
483065463          
483065474          
483065572          
483065571          
483065561          
483065562          
483065564          
483065522          
483065512          
483065521          
483065532          
483065523          
483065524          
483065514          
483064581          
483065501          
483065511          
483064584          
483064583          
483064593          
483065513          
483065504          
483064594          
483065503          
483064563          
483064574          
483064573          
483064554          
483064564          
483064652          
483064672          
483064671          
483064661          
483064662          
483065573          
483065574          
483065671          
483065672          
483065681          
483065621          
483065622          
483065632          
483065631          
483065612          
483065624          
483065602          
483064682          
483065611          
483064692          
483064681          
483065601          
483064691          
483064684          
483064693          
483065613          
483064694          
483064683          
483065604          
483065603          
483064782          
483065701          
483065711          
483064781          
483064792          
483065702          
483064251          
483064271          
483064272          
483064261          
483064242          
483064262          
483064252          
483064254          
483064274          
483064264          
483064141          
483064143          
483064241          
483064234          
483064243          
483064233          
483064331          
483064341          
483064332          
483064343          
483064244          
483064253          
483064263          
483064273          
483064362          
483064352          
483064342          
483064361          
483064371          
483064351          
483064372          
483064374          
483064354          
483064353          
483064364          
483064344          
483064363          
483064373          
483064452          
483064442          
483064472          
483064451          
483064462          
483064461          
483064471          
483064473          
483064444          
483064463          
483064474          
483064453          
483064454          
483064464          
483064542          
483064552          
483064561          
483064551          
483064572          
483064571          
483064541          
483064562          
483064334          
483064441          
483064432          
483064443          
483065634          
483065633          
483065623          
483065614          
483065721          
483065712          
483065722          
483065732          
483064673          
483064663          
483064674          
483064654          
483064664          
483064762          
483064772          
483064761          
483064771          
483064763          
483065731          
483065734          
483065723          
483065714          
483065733          
483065724          
483064791          
483064784          
483065703          
483064783          
483065713          
483064794          
483065704          
483064793          
483064892          
483065801          
483065832          
483065812          
483065831          
483065821          
483065822          
483065823          
483065834          
483065814          
483064891          
483065811          
483064881          
483065813          
483064893          
483064883          
483064884          
483064894          
483065804          
483064992          
483064764          
483064773          
483064774          
483064872          
483064871          
483064873          
483064874          
483064971          
483064972          
483064974          
483065833          
483065824          
483065912          
483065922          
483065921          
483065901          
483064981          
483064991          
483065902          
483065911          
483064982          
483064983          
483064984          
483065904          
483065903          
483065914          
483065924          
483065923          
483075021          
483065913          
483064994          
483064993          
483075011          
483075001          
483075002          
483074072          
483074092          
483074081          
483075013          
483075012          
483075003          
483075004          
483074094          
483075111          
483074192          
483075101          
483075102          
483075104          
483075103          
483066102          
483066103          
483065184          
483065193          
483066104          
483065194          
483065282          
483066212          
483066201          
483065291          
483066362          
483066364          
483066363          
483066481          
483066463          
483066454          
483066552          
483066343          
483066442          
483066432          
483066441          
483066444          
483066443          
483066542          
483066541          
483066532          
483066531          
483066571          
483066561          
483066563          
483066554          
483066671          
483066681          
483066662          
483066652          
483066673          
483066664          
483066551          
483066543          
483066544          
483066553          
483066642          
483066643          
483066614          
483066721          
483066712          
483066741          
483065584          
483065593          
483065583          
483065682          
483065691          
483065692          
483066601          
483065694          
483065684          
483066603          
483066604          
483065782          
483066711          
483065791          
483066702          
483066704          
483066723          
483066724          
483066822          
483066821          
483066831          
483066812          
483066834          
483066823          
483066833          
483066824          
483066663          
483066654          
483066683          
483066773          
483066784          
483066872          
483057981          
483057983          
483057974          
483067071          
483067062          
483067061          
483067081          
483067064          
483067073          
483067083          
483067113          
483067114          
483067204          
483067421          
483067413          
483067521          
483067613          
483066791          
483067711          
483067823          
483057824          
483057922          
483067132          
483067134          
483067351          
483067551          
483067553          
483067824          
483067181          
483067182          
483067152          
483067184          
483067284          
483067552          
483067554          
483067563          
483057984          
483066932          
483066922          
483066921          
483066931          
483075202          
483075201          
