abm data
1 483015273
2 483015443
3 483015642
4 483015641
5 483015644
6 483015643
7 483025044
8 483025232
9 483025113
10 483025103
11 483025104
12 483025201
13 483015372
14 483015371
15 483015444
16 483015463
17 483015551
18 483015561
19 483015573
20 483015564
21 483025151
22 483025152
23 483025153
24 483025154
25 483025274
26 483025253
27 483025283
28 483025372
29 483025371
30 483025351
31 483025364
32 483025373
33 483025234
34 483025214
35 483025244
36 483025312
37 483025342
38 483025412
39 483025432
40 483025423
41 483025443
42 483025514
43 483016212
44 483016223
45 483016224
46 483016421
47 483016433
48 483016423
49 483016424
50 483016551
51 483016644
52 483016742
53 483016211
54 483016214
55 483016213
56 483016314
57 483016414
58 483016511
59 483016512
60 483016611
61 483015791
62 483015782
63 483026051
64 483026052
65 483026054
66 483026053
67 483027164
68 483027163
69 483027261
70 483027262
71 483027264
72 483027263
73 483027362
74 483027212
75 483026293
76 483027214
77 483027302
78 483027321
79 483026391
80 483027322
81 483027342
82 483027354
83 483027353
84 483027442
85 483027422
86 483027312
87 483027311
88 483027303
89 483027314
90 483027304
91 483027323
92 483026393
93 483026394
94 483027313
95 483027412
96 483027421
97 483026492
98 483026491
99 483027411
100 483027413
101 483027404
102 483027403
103 483027423
104 483026494
105 483026493
106 483027432
107 483027433
108 483027424
109 483027434
110 483027443
111 483027444
112 483027522
113 483027532
114 483027541
115 483027531
116 483027414
117 483027501
118 483027521
119 483026591
120 483027504
121 483027513
122 483027523
123 483026594
124 483027514
125 483026593
126 483027533
127 483027534
128 483027543
129 483027622
130 483027652
131 483027642
132 483027641
133 483027632
134 483027631
135 483027624
136 483027361
137 483027761
138 483027763
139 483027861
140 483027864
141 483027863
142 483027972
143 483027962
144 483027952
145 483027961
146 483027503
147 483027611
148 483027601
149 483027621
150 483027602
151 483026692
152 483026691
153 483027623
154 483026694
155 483027604
156 483016743
157 483016734
158 483016723
159 483016821
160 483016832
161 483016843
162 483016824
163 483016834
164 483016823
165 483016844
166 483015794
167 483015793
168 483015891
169 483016814
170 483016813
171 483015894
172 483015992
173 483015991
174 483016912
175 483015993
176 483016833
177 483016932
178 483016941
179 483016942
180 483016921
181 483016922
182 483016944
183 483016934
184 483016943
185 483016953
186 483016904
187 483015984
188 483016913
189 483026012
190 483026011
191 483025082
192 483026002
193 483026013
194 483026004
195 483026014
196 483026041
197 483026032
198 483026042
199 483026034
200 483026044
201 483026043
202 483026131
203 483026132
204 483026144
205 483026133
206 483026063
207 483026151
208 483026152
209 483026171
210 483026162
211 483026161
212 483026164
213 483026154
214 483026153
215 483026173
216 483026112
217 483026102
218 483026111
219 483025194
220 483026114
221 483026113
222 483026211
223 483026212
224 483025291
225 483025284
226 483026163
227 483026262
228 483026271
229 483026252
230 483026251
231 483026261
232 483026272
233 483026274
234 483026273
235 483026263
236 483026124
237 483026143
238 483026134
239 483026242
240 483026232
241 483026222
242 483026231
243 483026221
244 483026223
245 483026243
246 483026264
247 483026253
248 483026254
249 483026283
250 483026361
251 483026382
252 483026381
253 483026371
254 483026351
255 483026362
256 483120102
257 483120203
258 483120204
259 483120313
260 483120421
261 483120412
262 483120414
263 483120054
264 483120152
265 483120154
266 483120251
267 483120242
268 483120253
269 483120244
270 483120243
271 483120254
272 483120341
273 483120423
274 483120413
275 483120512
276 483120502
277 483120514
278 483037194
279 483037193
280 483130114
281 483130113
282 483037292
283 483120351
284 483120332
285 483120333
286 483120324
287 483120422
288 483130222
289 483130233
290 483130741
291 483130732
292 483026214
293 483026213
294 483025293
295 483026301
296 483026312
297 483025382
298 483026311
299 483025381
300 483026302
301 483025391
302 483026224
303 483026244
304 483026234
305 483026233
306 483026331
307 483026342
308 483026322
309 483026332
310 483026341
311 483026321
312 483026372
313 483026352
314 483026373
315 483026383
316 483026363
317 483026354
318 483026374
319 483026353
320 483026364
321 483026384
322 483025384
323 483025393
324 483025383
325 483026313
326 483026304
327 483026303
328 483026314
329 483026412
330 483026411
331 483026402
332 483026333
333 483026334
334 483026344
335 483026343
336 483026324
337 483026323
338 483026432
339 483026422
340 483026442
341 483026431
342 483025482
343 483025491
344 483025492
345 483026401
346 483026414
347 483025494
348 483026403
349 483025493
350 483025484
351 483026404
352 483026461
353 483026481
354 483026471
355 483026452
356 483026462
357 483026451
358 483026472
359 483026482
360 483026474
361 483026463
362 483026421
363 483026441
364 483026434
365 483026433
366 483026423
367 483026424
368 483026522
369 483026542
370 483026532
371 483026541
372 483026484
373 483026483
374 483026464
375 483026473
376 483026582
377 483026571
378 483026572
379 483026581
380 483026562
381 483026561
382 483025374
383 483025354
384 483025452
385 483025471
386 483025472
387 483025481
388 483025483
389 483025573
390 483025574
391 483025681
392 483025213
393 483024481
394 483024483
395 483025413
396 483024581
397 483025511
398 483024582
399 483025504
400 483025503
401 483025602
402 483025642
403 483025672
404 483025671
405 483025673
406 483025664
407 483025674
408 483025762
409 483025761
410 483025772
411 483025771
412 483025641
413 483025632
414 483025633
415 483025644
416 483025643
417 483025721
418 483025731
419 483025722
420 483025742
421 483025733
422 483025752
423 483025764
424 483025753
425 483025774
426 483025754
427 483025773
428 483025763
429 483025862
430 483025871
431 483025872
432 483025724
433 483025842
434 483025812
435 483025833
436 483025814
437 483025931
438 483025932
439 483025912
440 483025942
441 483025922
442 483024782
443 483024791
444 483024793
445 483025713
446 483024794
447 483025811
448 483025802
449 483025911
450 483025902
451 483025903
452 483025861
453 483025851
454 483025852
455 483025854
456 483025874
457 483025853
458 483025951
459 483025954
460 483025963
461 483035081
462 483025924
463 483025914
464 483035032
465 483035012
466 483035021
467 483035044
468 483035023
469 483035024
470 483035033
471 483035034
472 483024993
473 483024994
474 483035011
475 483034092
476 483035004
477 483035003
478 483035101
479 483034193
480 483034184
481 483035103
482 483034194
483 483034282
484 483034281
485 483034384
486 483034383
487 483034394
488 483034272
489 483035141
490 483035121
491 483035131
492 483035133
493 483035222
494 483035224
495 483035412
496 483035612
497 483035623
498 483035721
499 483035063
500 483035083
501 483035261
502 483035263
503 483035361
504 483035363
505 483035364
506 483035461
507 483035462
508 483035853
509 483034492
510 483035511
511 483035513
512 483034583
513 483035503
514 483034682
515 483034684
516 483034791
517 483034793
518 483034794
519 483034892
520 483035803
521 483034883
522 483035911
523 483035902
524 483034981
525 483034983
526 483044083
527 483044181
528 483045103
529 483045201
530 483045202
531 483035842
532 483035844
533 483045121
534 483045122
535 483045241
536 483045232
537 483045332
538 483045412
539 483045414
540 483045423
541 483045411
542 483045532
543 483045521
544 483045523
545 483045544
546 483045543
547 483045621
548 483045622
549 483045642
550 483045623
551 483045624
552 483044772
553 483044782
554 483044784
555 483044783
556 483044774
557 483044882
558 483044881
559 483044872
560 483044891
561 483044892
562 483044422
563 483044424
564 483044522
565 483044664
566 483044673
567 483044663
568 483044532
569 483044521
570 483044523
571 483044524
572 483044533
573 483044631
574 483044633
575 483044634
576 483044771
577 483044742
578 483044762
579 483044773
580 483044743
581 483044744
582 483044841
583 483044861
584 483044842
585 483044852
586 483044731
587 483044732
588 483044741
589 483044734
590 483044941
591 483044943
592 483044871
593 483044851
594 483044863
595 483044844
596 483044853
597 483044854
598 483044864
599 483044843
600 483044951
601 483044942
602 483046161
603 483046174
604 483046281
605 483046283
606 483046372
607 483046373
608 483046462
609 483046472
610 483046571
611 483046662
612 483036951
613 483036921
614 483046253
615 483046753
616 483046734
617 483046744
618 483046832
619 483046851
620 483046822
621 483046824
622 483045083
623 483045172
624 483045171
625 483045183
626 483045481
627 483045763
628 483045754
629 483045852
630 483045854
631 483055062
632 483045084
633 483045382
634 483045384
635 483045491
636 483055184
637 483055282
638 483056213
639 483056312
640 483055382
641 483055394
642 483046761
643 483046752
644 483046754
645 483046763
646 483046852
647 483046861
648 483046874
649 483046883
650 483046981
651 483046972
652 483046984
653 483056062
654 483056081
655 483056083
656 483056182
657 483056183
658 483056281
659 483056282
660 483056283
661 483056284
662 483046931
663 483046943
664 483046933
665 483056034
666 483056033
667 483056131
668 483056133
669 483056243
670 483056323
671 483056324
672 483056381
673 483056382
674 483056383
675 483056482
676 483056484
677 483056762
678 483056771
679 483056773
680 483056774
681 483056872
682 483056314
683 483055393
684 483056313
685 483055384
686 483056804
687 483056902
688 483056904
689 483066002
690 483065084
691 483065182
692 483056431
693 483056433
694 483056832
695 483056834
696 483056843
697 483066221
698 483066244
699 483066223
700 483066341
701 483066342
702 483044874
703 483045803
704 483044894
705 483044883
706 483044893
707 483044972
708 483045902
709 483045901
710 483044994
711 483045904
712 483045721
713 483045814
714 483045912
715 483045914
716 483055012
717 483055014
718 483055112
719 483055121
720 483055114
721 483055123
722 483044993
723 483045913
724 483045903
725 483054092
726 483054091
727 483055013
728 483054093
729 483055111
730 483055113
731 483055211
732 483055064
733 483055161
734 483055152
735 483055154
736 483055153
737 483055163
738 483055252
739 483055261
740 483055251
741 483055263
742 483055222
743 483055232
744 483055242
745 483055241
746 483055221
747 483055231
748 483055233
749 483055234
750 483055223
751 483055224
752 483054252
753 483054262
754 483054264
755 483054254
756 483054263
757 483054273
758 483054362
759 483054361
760 483054352
761 483054371
762 483055341
763 483055342
764 483055322
765 483055321
766 483055331
767 483055332
768 483055323
769 483055324
770 483055421
771 483055423
772 483054364
773 483054373
774 483054363
775 483054472
776 483054471
777 483054452
778 483054462
779 483054461
780 483054474
781 483054464
782 483055202
783 483054483
784 483055413
785 483054581
786 483054584
787 483054583
788 483054682
789 483054681
790 483055611
791 483054684
792 483054473
793 483054463
794 483054454
795 483054561
796 483054552
797 483054571
798 483054562
799 483054572
800 483054563
801 483054574
802 483026413
803 483026501
804 483026502
805 483025581
806 483025582
807 483026511
808 483025591
809 483026512
810 483025592
811 483025583
812 483026521
813 483026531
814 483026524
815 483026533
816 483026534
817 483026523
818 483026622
819 483026642
820 483026641
821 483026632
822 483026563
823 483026554
824 483026583
825 483026573
826 483026584
827 483026564
828 483026574
829 483026661
830 483026652
831 483026681
832 483026503
833 483025584
834 483025594
835 483026514
836 483025593
837 483026513
838 483026504
839 483025682
840 483026611
841 483026602
842 483025692
843 483025691
844 483026601
845 483026612
846 483025683
847 483025684
848 483026613
849 483026604
850 483025693
851 483025694
852 483026621
853 483026631
854 483026643
855 483026653
856 483026633
857 483026624
858 483026644
859 483026634
860 483026623
861 483026741
862 483026672
863 483026682
864 483026654
865 483026684
866 483026673
867 483026683
868 483026663
869 483026674
870 483026664
871 483026781
872 483026603
873 483026614
874 483026711
875 483026702
876 483025792
877 483026701
878 483025781
879 483026712
880 483025782
881 483025791
882 483026762
883 483026761
884 483026752
885 483026782
886 483026772
887 483026771
888 483026774
889 483026764
890 483026783
891 483026763
892 483026732
893 483026742
894 483026721
895 483026722
896 483026751
897 483026731
898 483026734
899 483026724
900 483026723
901 483026744
902 483027614
903 483027603
904 483027613
905 483026693
906 483027721
907 483026791
908 483026792
909 483027702
910 483027712
911 483027701
912 483027654
913 483027644
914 483027634
915 483027643
916 483027653
917 483027633
918 483027742
919 483027752
920 483027722
921 483027741
922 483027732
923 483027731
924 483027751
925 483027743
926 483027753
927 483027754
928 483027734
929 483027744
930 483027724
931 483027733
932 483027711
933 483027703
934 483026794
935 483027713
936 483027704
937 483027714
938 483027723
939 483027812
940 483027811
941 483026892
942 483026891
943 483027802
944 483027821
945 483026882
946 483027803
947 483026894
948 483027804
949 483026893
950 483027823
951 483027813
952 483027851
953 483027831
954 483027841
955 483027832
956 483027842
957 483027822
958 483027852
959 483027843
960 483027853
961 483027833
962 483027824
963 483027854
964 483027834
965 483027844
966 483027942
967 483027951
968 483027941
969 483027932
970 483027922
971 483027931
972 483027814
973 483026884
974 483027921
975 483027901
976 483027911
977 483026992
978 483026991
979 483027902
980 483027912
981 483027904
982 483027973
983 483027963
984 483027954
985 483027964
986 483037072
987 483037071
988 483037052
989 483037061
990 483037081
991 483037062
992 483027924
993 483027943
994 483027934
995 483027953
996 483027944
997 483027933
998 483037042
999 483037031
1000 483037041
1001 483037051
1002 483025783
1003 483026703
1004 483026704
1005 483026713
1006 483025793
1007 483026714
1008 483025784
1009 483025794
1010 483025891
1011 483026812
1012 483026754
1013 483026784
1014 483026773
1015 483026881
1016 483026872
1017 483026851
1018 483026852
1019 483026854
1020 483026883
1021 483026863
1022 483026753
1023 483026733
1024 483026743
1025 483026831
1026 483026821
1027 483026822
1028 483026842
1029 483026841
1030 483026832
1031 483026843
1032 483026811
1033 483025892
1034 483026801
1035 483025881
1036 483025882
1037 483025883
1038 483025893
1039 483026814
1040 483025894
1041 483026813
1042 483026823
1043 483026833
1044 483026824
1045 483026844
1046 483026834
1047 483026942
1048 483026941
1049 483026922
1050 483026931
1051 483026912
1052 483025884
1053 483025992
1054 483025991
1055 483026911
1056 483026902
1057 483025981
1058 483025982
1059 483025994
1060 483026913
1061 483026904
1062 483026853
1063 483026962
1064 483026982
1065 483026961
1066 483026951
1067 483026971
1068 483026952
1069 483026954
1070 483026974
1071 483026963
1072 483026921
1073 483026932
1074 483026943
1075 483026933
1076 483026934
1077 483026914
1078 483026944
1079 483026924
1080 483026923
1081 483036051
1082 483025984
1083 483025993
1084 483025983
1085 483035091
1086 483035082
1087 483035092
1088 483036011
1089 483035084
1090 483036013
1091 483035094
1092 483026984
1093 483026973
1094 483036072
1095 483036081
1096 483036082
1097 483036052
1098 483036061
1099 483036084
1100 483036064
1101 483036083
1102 483026994
1103 483026993
1104 483027903
1105 483027914
1106 483027923
1107 483027913
1108 483037012
1109 483037001
1110 483036091
1111 483037011
1112 483037032
1113 483037022
1114 483037043
1115 483037044
1116 483037053
1117 483037024
1118 483037034
1119 483037033
1120 483037142
1121 483037122
1122 483036092
1123 483037021
1124 483036094
1125 483037023
1126 483037013
1127 483036093
1128 483037014
1129 483037102
1130 483037121
1131 483037112
1132 483037074
1133 483037063
1134 483037064
1135 483037084
1136 483037054
1137 483037073
1138 483037083
1139 483037152
1140 483037171
1141 483037181
1142 483037172
1143 483037162
1144 483037182
1145 483037161
1146 483037174
1147 483037164
1148 483037173
1149 483037163
1150 483037184
1151 483037183
1152 483037151
1153 483037132
1154 483037141
1155 483037124
1156 483037143
1157 483037134
1158 483037153
1159 483037133
1160 483037144
1161 483037251
1162 483037111
1163 483036191
1164 483037114
1165 483037123
1166 483037104
1167 483036193
1168 483037103
1169 483037113
1170 483037202
1171 483037212
1172 483037154
1173 483037252
1174 483037262
1175 483037281
1176 483037272
1177 483037282
1178 483037261
1179 483037271
1180 483037283
1181 483037273
1182 483037222
1183 483037232
1184 483037242
1185 483037241
1186 483037231
1187 483037224
1188 483037233
1189 483037244
1190 483037234
1191 483037253
1192 483130201
1193 483037291
1194 483130204
1195 483130213
1196 483037284
1197 483037293
1198 483037294
1199 483037392
1200 483130302
1201 483130301
1202 483037263
1203 483037274
1204 483037254
1205 483037264
1206 483037362
1207 483037361
1208 483037352
1209 483037381
1210 483037371
1211 483037372
1212 483037243
1213 483037332
1214 483037322
1215 483037341
1216 483037342
1217 483037351
1218 483037343
1219 483037344
1220 483037353
1221 483037333
1222 483037221
1223 483037223
1224 483037214
1225 483037312
1226 483037321
1227 483037314
1228 483037413
1229 483037414
1230 483037404
1231 483037521
1232 483037382
1233 483037391
1234 483037384
1235 483037394
1236 483130303
1237 483130304
1238 483037393
1239 483037491
1240 483130401
1241 483130402
1242 483037373
1243 483037363
1244 483037354
1245 483037383
1246 483037364
1247 483037374
1248 483037462
1249 483037481
1250 483037461
1251 483037452
1252 483037471
1253 483037472
1254 483037482
1255 483037454
1256 483037463
1257 483037473
1258 483037484
1259 483037483
1260 483037474
1261 483037464
1262 483037334
1263 483037451
1264 483037431
1265 483037441
1266 483037432
1267 483037442
1268 483037453
1269 483037443
1270 483037542
1271 483037532
1272 483037492
1273 483037493
1274 483037494
1275 483130403
1276 483037592
1277 483037591
1278 483037594
1279 483037593
1280 483037682
1281 483037692
1282 483037552
1283 483037582
1284 483037561
1285 483037562
1286 483037581
1287 483037564
1288 483037554
1289 483037573
1290 483037563
1291 483037584
1292 483037541
1293 483037551
1294 483037544
1295 483037534
1296 483037524
1297 483037543
1298 483037651
1299 483037622
1300 483037631
1301 483037641
1302 483036042
1303 483036031
1304 483036021
1305 483036012
1306 483036022
1307 483036053
1308 483036023
1309 483036024
1310 483036033
1311 483036014
1312 483035093
1313 483035192
1314 483036111
1315 483036112
1316 483036101
1317 483036114
1318 483036103
1319 483035194
1320 483036113
1321 483036212
1322 483036054
1323 483036172
1324 483036152
1325 483036181
1326 483036163
1327 483036154
1328 483036184
1329 483036183
1330 483036261
1331 483036282
1332 483036044
1333 483036122
1334 483036151
1335 483036121
1336 483036124
1337 483036133
1338 483036222
1339 483036231
1340 483036224
1341 483036233
1342 483036262
1343 483036271
1344 483036252
1345 483036264
1346 483036273
1347 483036372
1348 483036362
1349 483036371
1350 483036373
1351 483036374
1352 483036201
1353 483036211
1354 483036203
1355 483036301
1356 483035392
1357 483035394
1358 483035492
1359 483035494
1360 483035594
1361 483036513
1362 483036472
1363 483036471
1364 483036474
1365 483036483
1366 483036572
1367 483036571
1368 483036671
1369 483036672
1370 483036674
1371 483036664
1372 483036321
1373 483036324
1374 483036432
1375 483036434
1376 483036541
1377 483036641
1378 483036632
1379 483036644
1380 483036821
1381 483036823
1382 483036514
1383 483035692
1384 483036612
1385 483035694
1386 483036713
1387 483036811
1388 483036812
1389 483035992
1390 483036901
1391 483045082
1392 483036762
1393 483036771
1394 483036773
1395 483036774
1396 483036872
1397 483036862
1398 483036871
1399 483036873
1400 483036952
1401 483036971
1402 483037684
1403 483037694
1404 483130603
1405 483130702
1406 483130701
1407 483130704
1408 483130703
1409 483130802
1410 483130812
1411 483130811
1412 483130744
1413 483130733
1414 483130743
1415 483130734
1416 483130821
1417 483130851
1418 483130822
1419 483130841
1420 483130832
1421 483130831
1422 483130963
1423 483140061
1424 483140062
1425 483130842
1426 483130833
1427 483130844
1428 483130834
1429 483130853
1430 483130843
1431 483130951
1432 483130942
1433 483130931
1434 483130934
1435 483130954
1436 483130953
1437 483140052
1438 483140031
1439 483140051
1440 483140054
1441 483140332
1442 483140334
1443 483140343
1444 483140432
1445 483140013
1446 483140102
1447 483140111
1448 483140113
1449 483140213
1450 483140311
1451 483140313
1452 483140414
1453 483140512
1454 483140514
1455 483140611
1456 483140612
1457 483140613
1458 483140711
1459 483047791
1460 483047784
1461 483140703
1462 483140713
1463 483140704
1464 483140801
1465 483037642
1466 483037632
1467 483037653
1468 483037643
1469 483037634
1470 483037633
1471 483037741
1472 483037732
1473 483037751
1474 483037731
1475 483037662
1476 483037661
1477 483037654
1478 483037664
1479 483037663
1480 483037673
1481 483037761
1482 483037782
1483 483037754
1484 483037784
1485 483037733
1486 483037753
1487 483037734
1488 483037851
1489 483037831
1490 483037842
1491 483037833
1492 483037844
1493 483037942
1494 483037922
1495 483037783
1496 483037881
1497 483037883
1498 483037972
1499 483037983
1500 483037974
1501 483047081
1502 483047072
1503 483047083
1504 483047074
1505 483037513
1506 483037623
1507 483037903
1508 483046092
1509 483047001
1510 483046091
1511 483046384
1512 483046794
1513 483046894
1514 483046893
1515 483037944
1516 483037924
1517 483047042
1518 483047043
1519 483047532
1520 483047541
1521 483047534
1522 483047633
1523 483047634
1524 483047741
1525 483047181
1526 483047172
1527 483047174
1528 483047173
1529 483047272
1530 483047473
1531 483047783
1532 483047881
1533 483047874
1534 483057972
1535 483047742
1536 483047732
1537 483047744
1538 483047734
1539 483047831
1540 483047832
1541 483057424
1542 483057434
1543 483057522
1544 483057531
1545 483046993
1546 483057002
1547 483057011
1548 483057001
1549 483056184
1550 483056384
1551 483056591
1552 483057801
1553 483056892
1554 483057823
1555 483057803
1556 483056894
1557 483056992
1558 483056993
1559 483057903
1560 483057923
1561 483056994
1562 483067021
1563 483067014
1564 483067112
1565 483140431
1566 483140423
1567 483140532
1568 483140522
1569 483140521
1570 483140523
1571 483140524
1572 483140534
1573 483140631
1574 483044962
1575 483044961
1576 483054044
1577 483054151
1578 483054142
1579 483054153
1580 483054163
1581 483054154
1582 483054164
1583 483054261
1584 483044934
1585 483044933
1586 483054041
1587 483054032
1588 483054043
1589 483054743
1590 483054841
1591 483054832
1592 483054941
1593 483054932
1594 483054674
1595 483054673
1596 483054663
1597 483054742
1598 483054752
1599 483054761
1600 483054762
1601 483054751
1602 483054772
1603 483054771
1604 483054754
1605 483054744
1606 483054753
1607 483054774
1608 483054764
1609 483054773
1610 483054763
1611 483054862
1612 483054871
1613 483054852
1614 483054872
1615 483054842
1616 483054851
1617 483054861
1618 483054844
1619 483054843
1620 483054854
1621 483054864
1622 483054873
1623 483054863
1624 483054874
1625 483054853
1626 483054971
1627 483054961
1628 483054952
1629 483054942
1630 483054951
1631 483054972
1632 483054962
1633 483054974
1634 483054973
1635 483054963
1636 483054954
1637 483054943
1638 483054964
1639 483064072
1640 483064071
1641 483064062
1642 483064061
1643 483064044
1644 483064053
1645 483064063
1646 483064073
1647 483064064
1648 483064074
1649 483064054
1650 483064161
1651 483064142
1652 483064172
1653 483064151
1654 483064171
1655 483064152
1656 483064162
1657 483064163
1658 483064164
1659 483064153
1660 483064173
1661 483064174
1662 483064144
1663 483064154
1664 483055521
1665 483055531
1666 483055522
1667 483055544
1668 483055523
1669 483055514
1670 483055543
1671 483055621
1672 483055612
1673 483055641
1674 483054554
1675 483054564
1676 483054573
1677 483054661
1678 483054652
1679 483054662
1680 483054671
1681 483054672
1682 483054654
1683 483054664
1684 483055351
1685 483055361
1686 483055353
1687 483055651
1688 483055652
1689 483055673
1690 483055653
1691 483055674
1692 483055862
1693 483065081
1694 483054683
1695 483055613
1696 483055604
1697 483054791
1698 483055702
1699 483054781
1700 483054782
1701 483054784
1702 483054793
1703 483054783
1704 483054794
1705 483054882
1706 483055801
1707 483054891
1708 483054881
1709 483054892
1710 483054883
1711 483055804
1712 483054884
1713 483055803
1714 483055644
1715 483055623
1716 483055643
1717 483055624
1718 483055912
1719 483055923
1720 483055914
1721 483065042
1722 483065021
1723 483065012
1724 483054894
1725 483054893
1726 483055813
1727 483054981
1728 483054992
1729 483055911
1730 483055902
1731 483054991
1732 483054982
1733 483054984
1734 483054994
1735 483055903
1736 483054983
1737 483054993
1738 483055913
1739 483055904
1740 483065011
1741 483064092
1742 483065002
1743 483064081
1744 483064082
1745 483065001
1746 483064091
1747 483065013
1748 483065003
1749 483064083
1750 483064084
1751 483065004
1752 483064093
1753 483064094
1754 483065022
1755 483065034
1756 483065023
1757 483065014
1758 483065033
1759 483065142
1760 483065112
1761 483065121
1762 483065123
1763 483065114
1764 483064182
1765 483064191
1766 483065102
1767 483065111
1768 483064192
1769 483064181
1770 483065101
1771 483064194
1772 483065113
1773 483065104
1774 483065053
1775 483065152
1776 483065173
1777 483065174
1778 483065163
1779 483065261
1780 483065271
1781 483065272
1782 483065263
1783 483065254
1784 483065103
1785 483064183
1786 483064184
1787 483064193
1788 483064292
1789 483065211
1790 483065201
1791 483064281
1792 483064291
1793 483065202
1794 483065124
1795 483065143
1796 483065221
1797 483065222
1798 483065241
1799 483065212
1800 483065224
1801 483065223
1802 483065214
1803 483065331
1804 483064282
1805 483064294
1806 483064293
1807 483065213
1808 483064283
1809 483065204
1810 483065203
1811 483064284
1812 483065301
1813 483065311
1814 483064391
1815 483065302
1816 483064381
1817 483064392
1818 483064382
1819 483065313
1820 483064394
1821 483064393
1822 483065304
1823 483064384
1824 483065321
1825 483065322
1826 483065312
1827 483065334
1828 483065323
1829 483065333
1830 483065324
1831 483065314
1832 483065431
1833 483065432
1834 483065362
1835 483065361
1836 483065373
1837 483065363
1838 483065364
1839 483065472
1840 483065462
1841 483065471
1842 483065473
1843 483065303
1844 483064383
1845 483064491
1846 483064481
1847 483064482
1848 483064492
1849 483065402
1850 483065401
1851 483065411
1852 483064494
1853 483065441
1854 483065421
1855 483065412
1856 483065414
1857 483065433
1858 483065424
1859 483065423
1860 483065434
1861 483064484
1862 483064483
1863 483065403
1864 483065404
1865 483065413
1866 483064493
1867 483064582
1868 483064591
1869 483065502
1870 483064592
1871 483065463
1872 483065474
1873 483065572
1874 483065571
1875 483065561
1876 483065562
1877 483065564
1878 483065522
1879 483065512
1880 483065521
1881 483065532
1882 483065523
1883 483065524
1884 483065514
1885 483064581
1886 483065501
1887 483065511
1888 483064584
1889 483064583
1890 483064593
1891 483065513
1892 483065504
1893 483064594
1894 483065503
1895 483064563
1896 483064574
1897 483064573
1898 483064554
1899 483064564
1900 483064652
1901 483064672
1902 483064671
1903 483064661
1904 483064662
1905 483065573
1906 483065574
1907 483065671
1908 483065672
1909 483065681
1910 483065621
1911 483065622
1912 483065632
1913 483065631
1914 483065612
1915 483065624
1916 483065602
1917 483064682
1918 483065611
1919 483064692
1920 483064681
1921 483065601
1922 483064691
1923 483064684
1924 483064693
1925 483065613
1926 483064694
1927 483064683
1928 483065604
1929 483065603
1930 483064782
1931 483065701
1932 483065711
1933 483064781
1934 483064792
1935 483065702
1936 483064251
1937 483064271
1938 483064272
1939 483064261
1940 483064242
1941 483064262
1942 483064252
1943 483064254
1944 483064274
1945 483064264
1946 483064141
1947 483064143
1948 483064241
1949 483064234
1950 483064243
1951 483064233
1952 483064331
1953 483064341
1954 483064332
1955 483064343
1956 483064244
1957 483064253
1958 483064263
1959 483064273
1960 483064362
1961 483064352
1962 483064342
1963 483064361
1964 483064371
1965 483064351
1966 483064372
1967 483064374
1968 483064354
1969 483064353
1970 483064364
1971 483064344
1972 483064363
1973 483064373
1974 483064452
1975 483064442
1976 483064472
1977 483064451
1978 483064462
1979 483064461
1980 483064471
1981 483064473
1982 483064444
1983 483064463
1984 483064474
1985 483064453
1986 483064454
1987 483064464
1988 483064542
1989 483064552
1990 483064561
1991 483064551
1992 483064572
1993 483064571
1994 483064541
1995 483064562
1996 483064334
1997 483064441
1998 483064432
1999 483064443
2000 483065634
2001 483065633
2002 483065623
2003 483065614
2004 483065721
2005 483065712
2006 483065722
2007 483065732
2008 483064673
2009 483064663
2010 483064674
2011 483064654
2012 483064664
2013 483064762
2014 483064772
2015 483064761
2016 483064771
2017 483064763
2018 483065731
2019 483065734
2020 483065723
2021 483065714
2022 483065733
2023 483065724
2024 483064791
2025 483064784
2026 483065703
2027 483064783
2028 483065713
2029 483064794
2030 483065704
2031 483064793
2032 483064892
2033 483065801
2034 483065832
2035 483065812
2036 483065831
2037 483065821
2038 483065822
2039 483065823
2040 483065834
2041 483065814
2042 483064891
2043 483065811
2044 483064881
2045 483065813
2046 483064893
2047 483064883
2048 483064884
2049 483064894
2050 483065804
2051 483064992
2052 483064764
2053 483064773
2054 483064774
2055 483064872
2056 483064871
2057 483064873
2058 483064874
2059 483064971
2060 483064972
2061 483064974
2062 483065833
2063 483065824
2064 483065912
2065 483065922
2066 483065921
2067 483065901
2068 483064981
2069 483064991
2070 483065902
2071 483065911
2072 483064982
2073 483064983
2074 483064984
2075 483065904
2076 483065903
2077 483065914
2078 483065924
2079 483065923
2080 483075021
2081 483065913
2082 483064994
2083 483064993
2084 483075011
2085 483075001
2086 483075002
2087 483074072
2088 483074092
2089 483074081
2090 483075013
2091 483075012
2092 483075003
2093 483075004
2094 483074094
2095 483075111
2096 483074192
2097 483075101
2098 483075102
2099 483075104
2100 483075103
2101 483066102
2102 483066103
2103 483065184
2104 483065193
2105 483066104
2106 483065194
2107 483065282
2108 483066212
2109 483066201
2110 483065291
2111 483056861
2112 483056863
2113 483056854
2114 483066362
2115 483066364
2116 483066363
2117 483066481
2118 483066463
2119 483066454
2120 483066552
2121 483066343
2122 483066442
2123 483066432
2124 483066441
2125 483066444
2126 483066443
2127 483066542
2128 483066541
2129 483066532
2130 483066531
2131 483066571
2132 483066561
2133 483066563
2134 483066554
2135 483066671
2136 483066681
2137 483066662
2138 483066652
2139 483066673
2140 483066664
2141 483066551
2142 483066543
2143 483066544
2144 483066553
2145 483066642
2146 483066643
2147 483066614
2148 483066721
2149 483066712
2150 483066741
2151 483065584
2152 483065593
2153 483065583
2154 483065682
2155 483065691
2156 483065692
2157 483066601
2158 483065694
2159 483065684
2160 483066603
2161 483066604
2162 483065782
2163 483066711
2164 483065791
2165 483066702
2166 483066704
2167 483066723
2168 483066724
2169 483066822
2170 483066821
2171 483066831
2172 483066812
2173 483066834
2174 483066823
2175 483066833
2176 483066824
2177 483066663
2178 483066654
2179 483066683
2180 483066773
2181 483066784
2182 483066872
2183 483057981
2184 483057983
2185 483057974
2186 483067071
2187 483067062
2188 483067061
2189 483067081
2190 483067064
2191 483067073
2192 483067083
2193 483067113
2194 483067114
2195 483067204
2196 483067421
2197 483067413
2198 483067521
2199 483067613
2200 483066791
2201 483067711
2202 483067823
2203 483057824
2204 483057922
2205 483067132
2206 483067134
2207 483067351
2208 483067551
2209 483067553
2210 483067824
2211 483067181
2212 483067182
2213 483067152
2214 483067184
2215 483067284
2216 483067552
2217 483067554
2218 483067563
2219 483057984
2220 483066932
2221 483066922
2222 483066921
2223 483066931
2224 483075202
2225 483075201
