MESH4_ID
483026351
483026342
483026344
483026422
483026442
483026431
483025482
483025491
483025494
483026403
483025493
483025484
483026404
483026452
483026451
483026463
483026441
483026434
483026433
483026423
483026424
483026522
483026532
483026541
483026561
483025483
483025573
483025574
483025681
483025672
483025671
483025673
483025664
483025674
483025762
483025761
483025771
483025752
483025764
483025753
483025754
483025773
483025763
483025871
483025942
483025861
483025851
483025852
483025854
483025853
483025951
483026413
483026501
483026502
483025581
483025582
483026511
483025591
483026512
483025592
483025583
483026521
483026531
483026534
483026523
483026641
483026632
483026503
483025584
483025594
483026514
483025593
483026513
483026504
483025682
483026611
483026602
483025691
483026601
483025683
483025684
483026604
483025693
483025781
483025782