data
483015273
483015443
483015642
483015641
483015644
483015643
483025103
483025201
483015372
483015371
483015444
483015463
483015551
483015561
483015573
483015564
483016212
483016223
483016224
483016421
483016433
483016423
483016424
483016551
483016644
483016742
483016211
483016214
483016213
483016314
483016414
483016511
483016512
483016611
483015791
483015782
483027164
483027163
483027261
483027262
483027264
483027263
483027362
483027212
483026293
483027214
483027302
483027321
483026391
483027322
483027342
483027354
483027353
483027442
483027422
483027312
483027311
483027303
483027314
483027304
483027323
483026393
483026394
483027313
483027412
483027421
483026492
483026491
483027411
483027413
483027404
483027403
483027423
483026494
483026493
483027432
483027433
483027424
483027434
483027443
483027444
483027522
483027532
483027541
483027531
483027414
483027501
483027521
483026591
483027504
483027513
483027523
483026594
483027514
483026593
483027533
483027534
483027543
483027622
483027652
483027642
483027641
483027632
483027631
483027624
483027361
483027761
483027763
483027861
483027864
483027863
483027972
483027962
483027952
483027961
483027503
483027611
483027601
483027621
483027602
483026692
483026691
483027623
483026694
483027604
483016743
483016734
483016723
483016821
483016832
483016843
483016824
483016834
483016823
483016844
483015794
483015793
483015891
483016814
483016813
483015894
483015992
483015991
483016912
483015993
483016833
483016932
483016941
483016942
483016921
483016922
483016944
483016934
483016943
483016904
483016913
483026012
483026011
483026002
483026013
483026004
483026014
483026041
483026032
483026042
483026034
483026044
483026043
483026131
483026132
483026133
483026112
483026102
483026111
483026114
483026113
483026211
483026212
483026272
483026274
483026273
483026124
483026134
483026222
483026231
483026221
483026223
483026283
483026382
483026381
483026371
483120102
483120203
483120204
483120313
483120421
483120412
483120414
483120054
483120152
483120154
483120251
483120242
483120253
483120244
483120243
483120254
483120341
483120423
483120413
483120512
483120502
483120514
483037194
483037193
483130114
483130113
483037292
483120351
483120332
483120333
483120324
483120422
483130222
483130233
483130741
483130732
483026214
483026213
483025293
483026312
483026311
483026302
483025391
483026224
483026233
483026321
483026372
483026373
483026383
483026374
483026384
483026313
483026314
483026412
483026323
483026481
483026471
483026462
483026472
483026482
483026474
483026484
483026483
483026464
483026473
483026582
483026571
483026572
483026581
483026562
483024481
483024483
483025413
483024581
483024582
483025504
483025503
483025602
483025812
483025814
483025912
483024782
483024791
483024793
483025713
483024794
483025811
483025802
483025911
483025902
483025903
483025914
483024993
483024994
483034092
483035003
483035101
483034193
483034184
483035103
483034194
483034282
483034281
483034384
483034383
483034394
483034272
483035412
483035612
483035623
483035721
483035853
483034492
483035511
483035513
483034583
483035503
483034682
483034684
483034791
483034793
483034794
483034892
483035803
483034883
483035911
483035902
483034981
483034983
483044083
483044181
483045103
483045201
483045202
483035842
483035844
483045121
483045122
483045241
483045232
483045332
483045412
483045414
483045423
483045411
483045532
483045521
483045523
483045544
483045543
483045621
483045622
483045642
483045623
483045624
483044772
483044782
483044784
483044783
483044774
483044882
483044881
483044872
483044891
483044892
483044422
483044424
483044522
483044664
483044673
483044663
483044532
483044521
483044523
483044524
483044533
483044631
483044633
483044634
483044771
483044742
483044762
483044773
483044743
483044744
483044841
483044861
483044842
483044852
483044731
483044732
483044741
483044734
483044941
483044943
483044871
483044851
483044863
483044844
483044853
483044854
483044864
483044843
483044951
483044942
483046161
483046174
483046281
483046283
483046372
483046373
483046462
483046472
483046571
483046662
483036951
483036921
483046253
483046753
483046734
483046744
483046832
483046851
483046822
483046824
483045083
483045172
483045171
483045183
483045481
483045763
483045754
483045852
483045854
483055062
483045084
483045382
483045384
483045491
483055184
483055282
483056213
483056312
483055382
483055394
483046761
483046752
483046754
483046763
483046852
483046861
483046874
483046883
483046981
483046972
483046984
483056062
483056081
483056083
483056182
483056183
483056281
483056282
483056283
483056284
483046931
483046943
483046933
483056034
483056033
483056131
483056133
483056243
483056323
483056324
483056381
483056382
483056383
483056482
483056484
483056762
483056771
483056773
483056774
483056872
483056314
483055393
483056313
483055384
483056804
483056902
483056904
483066002
483065084
483065182
483056431
483056433
483056832
483056834
483056843
483066221
483066244
483066223
483066341
483066342
483044874
483045803
483044894
483044883
483044893
483044972
483045902
483045901
483044994
483045904
483045721
483045814
483045912
483045914
483055012
483055014
483055112
483055121
483055114
483055123
483044993
483045913
483045903
483054092
483054091
483055013
483054093
483055111
483055113
483055211
483055064
483055161
483055152
483055154
483055153
483055163
483055252
483055261
483055251
483055263
483055222
483055232
483055242
483055241
483055221
483055231
483055233
483055234
483055223
483055224
483054252
483054262
483054264
483054254
483054263
483054273
483054362
483054361
483054352
483054371
483055341
483055342
483055322
483055321
483055331
483055332
483055323
483055324
483055421
483055423
483054364
483054373
483054363
483054472
483054471
483054452
483054462
483054461
483054474
483054464
483055202
483054483
483055413
483054581
483054584
483054583
483054682
483054681
483055611
483054684
483054473
483054463
483054454
483054561
483054552
483054571
483054562
483054572
483054563
483054574
483026563
483026583
483026573
483026584
483026564
483026574
483026661
483026652
483026681
483026653
483026623
483026672
483026682
483026654
483026684
483026673
483026683
483026663
483026674
483026664
483026781
483026614
483026712
483026762
483026761
483026752
483026782
483026772
483026771
483026774
483026764
483026783
483026763
483026721
483026722
483026751
483026723
483027614
483027603
483027613
483026693
483027721
483026791
483026792
483027702
483027712
483027701
483027654
483027644
483027634
483027643
483027653
483027633
483027742
483027752
483027722
483027741
483027732
483027731
483027751
483027743
483027753
483027754
483027734
483027744
483027724
483027733
483027711
483027703
483026794
483027713
483027704
483027714
483027723
483027812
483027811
483026892
483026891
483027802
483027821
483026882
483027803
483026894
483027804
483026893
483027823
483027813
483027851
483027831
483027841
483027832
483027842
483027822
483027852
483027843
483027853
483027833
483027824
483027854
483027834
483027844
483027942
483027951
483027941
483027932
483027922
483027931
483027814
483026884
483027921
483027901
483027911
483026992
483026991
483027902
483027912
483027904
483027973
483027963
483027954
483027964
483037072
483037071
483037052
483037061
483037081
483037062
483027924
483027943
483027934
483027953
483027944
483027933
483037042
483037031
483037041
483037051
483026714
483026812
483026754
483026784
483026773
483026881
483026872
483026851
483026852
483026854
483026883
483026863
483026753
483026831
483026821
483026822
483026842
483026843
483026811
483025892
483026801
483026814
483025894
483026813
483026823
483026833
483026824
483026844
483026834
483026942
483026941
483026922
483026931
483026912
483025992
483025991
483026911
483026902
483025982
483025994
483026913
483026904
483026853
483026962
483026982
483026961
483026951
483026971
483026952
483026954
483026974
483026963
483026921
483026932
483026943
483026933
483026934
483026914
483026944
483026924
483026923
483036051
483025993
483035091
483035092
483036011
483036013
483035094
483026984
483026973
483036072
483036081
483036082
483036052
483036061
483036084
483036064
483036083
483026994
483026993
483027903
483027914
483027923
483027913
483037012
483037001
483036091
483037011
483037032
483037022
483037043
483037044
483037053
483037024
483037034
483037033
483037142
483037122
483036092
483037021
483036094
483037023
483037013
483036093
483037014
483037102
483037121
483037112
483037074
483037063
483037064
483037084
483037054
483037073
483037083
483037152
483037171
483037181
483037172
483037162
483037182
483037161
483037174
483037164
483037173
483037163
483037184
483037183
483037151
483037132
483037141
483037124
483037143
483037134
483037153
483037133
483037144
483037251
483037111
483036191
483037114
483037123
483037104
483036193
483037103
483037113
483037202
483037212
483037154
483037252
483037262
483037281
483037272
483037282
483037261
483037271
483037283
483037273
483037222
483037232
483037242
483037241
483037231
483037224
483037233
483037244
483037234
483037253
483130201
483037291
483130204
483130213
483037284
483037293
483037294
483037392
483130302
483130301
483037263
483037274
483037254
483037264
483037362
483037361
483037352
483037381
483037371
483037372
483037243
483037332
483037322
483037341
483037342
483037351
483037343
483037344
483037353
483037333
483037221
483037223
483037214
483037312
483037321
483037314
483037413
483037414
483037404
483037521
483037382
483037391
483037384
483037394
483130303
483130304
483037393
483037491
483130401
483130402
483037373
483037363
483037354
483037383
483037364
483037374
483037462
483037481
483037461
483037452
483037471
483037472
483037482
483037454
483037463
483037473
483037484
483037483
483037474
483037464
483037334
483037451
483037431
483037441
483037432
483037442
483037453
483037443
483037542
483037532
483037492
483037493
483037494
483130403
483037592
483037591
483037594
483037593
483037682
483037692
483037552
483037582
483037561
483037562
483037581
483037564
483037554
483037573
483037563
483037584
483037541
483037551
483037544
483037534
483037524
483037543
483037651
483037622
483037631
483037641
483036042
483036031
483036021
483036012
483036022
483036053
483036023
483036024
483036033
483036014
483035093
483035192
483036111
483036112
483036101
483036114
483036103
483035194
483036113
483036212
483036054
483036172
483036152
483036181
483036163
483036154
483036184
483036183
483036261
483036282
483036044
483036122
483036151
483036121
483036124
483036133
483036222
483036231
483036224
483036233
483036262
483036271
483036252
483036264
483036273
483036372
483036362
483036371
483036373
483036374
483036201
483036211
483036203
483036301
483035392
483035394
483035492
483035494
483035594
483036513
483036472
483036471
483036474
483036483
483036572
483036571
483036671
483036672
483036674
483036664
483036321
483036324
483036432
483036434
483036541
483036641
483036632
483036644
483036821
483036823
483036514
483035692
483036612
483035694
483036713
483036811
483036812
483035992
483036901
483045082
483036762
483036771
483036773
483036774
483036872
483036862
483036871
483036873
483036952
483036971
483037684
483037694
483130603
483130702
483130701
483130704
483130703
483130802
483130812
483130811
483130744
483130733
483130743
483130734
483130821
483130851
483130822
483130841
483130832
483130831
483130963
483140061
483140062
483130842
483130833
483130844
483130834
483130853
483130843
483130951
483130942
483130931
483130934
483130954
483130953
483140052
483140031
483140051
483140054
483140332
483140334
483140343
483140432
483140013
483140102
483140111
483140113
483140213
483140311
483140313
483140414
483140512
483140514
483140611
483140612
483140613
483140711
483047791
483047784
483140703
483140713
483140704
483140801
483037642
483037632
483037653
483037643
483037634
483037633
483037741
483037732
483037751
483037731
483037662
483037661
483037654
483037664
483037663
483037673
483037761
483037782
483037754
483037784
483037733
483037753
483037734
483037851
483037831
483037842
483037833
483037844
483037942
483037922
483037783
483037881
483037883
483037972
483037983
483037974
483047081
483047072
483047083
483047074
483037513
483037623
483037903
483046092
483047001
483046091
483046384
483046794
483046894
483046893
483037944
483037924
483047042
483047043
483047532
483047541
483047534
483047633
483047634
483047741
483047181
483047172
483047174
483047173
483047272
483047473
483047783
483047881
483047874
483057972
483047742
483047732
483047744
483047734
483047831
483047832
483057424
483057434
483057522
483057531
483046993
483057002
483057011
483057001
483056184
483056384
483056591
483057801
483056892
483057823
483057803
483056894
483056992
483056993
483057903
483057923
483056994
483067021
483067014
483067112
483140431
483140423
483140532
483140522
483140521
483140523
483140524
483140534
483140631
483044962
483044961
483054044
483054151
483054142
483054153
483054163
483054154
483054164
483054261
483044934
483044933
483054041
483054032
483054043
483054743
483054841
483054832
483054941
483054932
483054674
483054673
483054663
483054742
483054752
483054761
483054762
483054751
483054772
483054771
483054754
483054744
483054753
483054774
483054764
483054773
483054763
483054862
483054871
483054852
483054872
483054842
483054851
483054861
483054844
483054843
483054854
483054864
483054873
483054863
483054874
483054853
483054971
483054961
483054952
483054942
483054951
483054972
483054962
483054974
483054973
483054963
483054954
483054943
483054964
483064072
483064071
483064062
483064061
483064044
483064053
483064063
483064073
483064064
483064074
483064054
483064161
483064142
483064172
483064151
483064171
483064152
483064162
483064163
483064164
483064153
483064173
483064174
483064144
483064154
483055521
483055531
483055522
483055544
483055523
483055514
483055543
483055621
483055612
483055641
483054554
483054564
483054573
483054661
483054652
483054662
483054671
483054672
483054654
483054664
483055351
483055361
483055353
483055651
483055652
483055673
483055653
483055674
483055862
483065081
483054683
483055613
483055604
483054791
483055702
483054781
483054782
483054784
483054793
483054783
483054794
483054882
483055801
483054891
483054881
483054892
483054883
483055804
483054884
483055803
483055644
483055623
483055643
483055624
483055912
483055923
483055914
483065042
483065021
483065012
483054894
483054893
483055813
483054981
483054992
483055911
483055902
483054991
483054982
483054984
483054994
483055903
483054983
483054993
483055913
483055904
483065011
483064092
483065002
483064081
483064082
483065001
483064091
483065013
483065003
483064083
483064084
483065004
483064093
483064094
483065022
483065034
483065023
483065014
483065033
483065142
483065112
483065121
483065123
483065114
483064182
483064191
483065102
483065111
483064192
483064181
483065101
483064194
483065113
483065104
483065053
483065152
483065173
483065174
483065163
483065261
483065271
483065272
483065263
483065254
483065103
483064183
483064184
483064193
483064292
483065211
483065201
483064281
483064291
483065202
483065124
483065143
483065221
483065222
483065241
483065212
483065224
483065223
483065214
483065331
483064282
483064294
483064293
483065213
483064283
483065204
483065203
483064284
483065301
483065311
483064391
483065302
483064381
483064392
483064382
483065313
483064394
483064393
483065304
483064384
483065321
483065322
483065312
483065334
483065323
483065333
483065324
483065314
483065431
483065432
483065362
483065361
483065373
483065363
483065364
483065472
483065462
483065471
483065473
483065303
483064383
483064491
483064481
483064482
483064492
483065402
483065401
483065411
483064494
483065441
483065421
483065412
483065414
483065433
483065424
483065423
483065434
483064484
483064483
483065403
483065404
483065413
483064493
483064582
483064591
483065502
483064592
483065463
483065474
483065572
483065571
483065561
483065562
483065564
483065522
483065512
483065521
483065532
483065523
483065524
483065514
483064581
483065501
483065511
483064584
483064583
483064593
483065513
483065504
483064594
483065503
483064563
483064574
483064573
483064554
483064564
483064652
483064672
483064671
483064661
483064662
483065573
483065574
483065671
483065672
483065681
483065621
483065622
483065632
483065631
483065612
483065624
483065602
483064682
483065611
483064692
483064681
483065601
483064691
483064684
483064693
483065613
483064694
483064683
483065604
483065603
483064782
483065701
483065711
483064781
483064792
483065702
483064251
483064271
483064272
483064261
483064242
483064262
483064252
483064254
483064274
483064264
483064141
483064143
483064241
483064234
483064243
483064233
483064331
483064341
483064332
483064343
483064244
483064253
483064263
483064273
483064362
483064352
483064342
483064361
483064371
483064351
483064372
483064374
483064354
483064353
483064364
483064344
483064363
483064373
483064452
483064442
483064472
483064451
483064462
483064461
483064471
483064473
483064444
483064463
483064474
483064453
483064454
483064464
483064542
483064552
483064561
483064551
483064572
483064571
483064541
483064562
483064334
483064441
483064432
483064443
483065634
483065633
483065623
483065614
483065721
483065712
483065722
483065732
483064673
483064663
483064674
483064654
483064664
483064762
483064772
483064761
483064771
483064763
483065731
483065734
483065723
483065714
483065733
483065724
483064791
483064784
483065703
483064783
483065713
483064794
483065704
483064793
483064892
483065801
483065832
483065812
483065831
483065821
483065822
483065823
483065834
483065814
483064891
483065811
483064881
483065813
483064893
483064883
483064884
483064894
483065804
483064992
483064764
483064773
483064774
483064872
483064871
483064873
483064874
483064971
483064972
483064974
483065833
483065824
483065912
483065922
483065921
483065901
483064981
483064991
483065902
483065911
483064982
483064983
483064984
483065904
483065903
483065914
483065924
483065923
483075021
483065913
483064994
483064993
483075011
483075001
483075002
483074072
483074092
483074081
483075013
483075012
483075003
483075004
483074094
483075111
483074192
483075101
483075102
483075104
483075103
483066102
483066103
483065184
483065193
483066104
483065194
483065282
483066212
483066201
483065291
483056861
483056863
483056854
483066362
483066364
483066363
483066481
483066463
483066454
483066552
483066343
483066442
483066432
483066441
483066444
483066443
483066542
483066541
483066532
483066531
483066571
483066561
483066563
483066554
483066671
483066681
483066662
483066652
483066673
483066664
483066551
483066543
483066544
483066553
483066642
483066643
483066614
483066721
483066712
483066741
483065584
483065593
483065583
483065682
483065691
483065692
483066601
483065694
483065684
483066603
483066604
483065782
483066711
483065791
483066702
483066704
483066723
483066724
483066822
483066821
483066831
483066812
483066834
483066823
483066833
483066824
483066663
483066654
483066683
483066773
483066784
483066872
483057981
483057983
483057974
483067071
483067062
483067061
483067081
483067064
483067073
483067083
483067113
483067114
483067204
483067421
483067413
483067521
483067613
483066791
483067711
483067823
483057824
483057922
483067132
483067134
483067351
483067551
483067553
483067824
483067181
483067182
483067152
483067184
483067284
483067552
483067554
483067563
483057984
483066932
483066922
483066921
483066931
483075202
483075201
