MESH4_ID
483015984
483016953
483025044
483025082
483025104
483025113
483025151
483025152
483025153
483025154
483025194
483025213
483025214
483025232
483025234
483025244
483025253
483025274
483025283
483025284
483025291
483025312
483025342
483025351
483025354
483025364
483025371
483025372
483025373
483025374
483025381
483025382
483025383
483025384
483025393
483025412
483025423
483025432
483025443
483025452
483025471
483025472
483025481
483025492
483025511
483025514
483025632
483025633
483025641
483025642
483025643
483025644
483025692
483025694
483025721
483025722
483025724
483025731
483025733
483025742
483025772
483025774
483025783
483025784
483025791
483025792
483025793
483025794
483025833
483025842
483025862
483025872
483025874
483025881
483025882
483025883
483025884
483025891
483025893
483025922
483025924
483025931
483025932
483025954
483025963
483025981
483025983
483025984
483026051
483026052
483026053
483026054
483026063
483026143
483026144
483026151
483026152
483026153
483026154
483026161
483026162
483026163
483026164
483026171
483026173
483026232
483026234
483026242
483026243
483026244
483026251
483026252
483026253
483026254
483026261
483026262
483026263
483026264
483026271
483026301
483026303
483026304
483026322
483026324
483026331
483026332
483026333
483026334
483026341
483026343
483026352
483026353
483026354
483026361
483026362
483026363
483026364
483026401
483026402
483026411
483026414
483026421
483026432
483026461
483026524
483026533
483026542
483026554
483026603
483026612
483026613
483026621
483026622
483026624
483026631
483026633
483026634
483026642
483026643
483026644
483026701
483026702
483026703
483026704
483026711
483026713
483026724
483026731
483026732
483026733
483026734
483026741
483026742
483026743
483026744
483026832
483026841
483035004
483035011
483035012
483035021
483035023
483035024
483035032
483035033
483035034
483035044
483035063
483035081
483035082
483035083
483035084
483035121
483035131
483035133
483035141
483035222
483035224
483035261
483035263
483035361
483035363
483035364
483035461
483035462
