zone Mesh_ID
1 483026351
1 483026342
1 483026344
1 483026422
1 483026442
1 483026431
1 483025482
1 483025491
1 483025494
1 483026403
1 483025493
1 483025484
1 483026404
1 483026452
1 483026451
1 483026463
1 483026441
1 483026434
1 483026433
1 483026423
1 483026424
1 483026522
1 483026532
1 483026541
1 483026561
1 483025483
1 483025573
1 483025574
1 483025681
1 483025672
1 483025671
1 483025673
1 483025664
1 483025674
1 483025762
1 483025761
1 483025771
1 483025752
1 483025764
1 483025753
1 483025754
1 483025773
1 483025763
1 483025871
1 483025942
1 483025861
1 483025851
1 483025852
1 483025854
1 483025853
1 483025951
1 483026413
1 483026501
1 483026502
1 483025581
1 483025582
1 483026511
1 483025591
1 483026512
1 483025592
1 483025583
1 483026521
1 483026531
1 483026534
1 483026523
1 483026641
1 483026632
1 483026503
1 483025584
1 483025594
1 483026514
1 483025593
1 483026513
1 483026504
1 483025682
1 483026611
1 483026602
1 483025691
1 483026601
1 483025683
1 483025684
1 483026604
1 483025693
1 483025781
1 483025782
2 483015984
2 483016953
2 483025044
2 483025082
2 483025104
2 483025113
2 483025151
2 483025152
2 483025153
2 483025154
2 483025194
2 483025213
2 483025214
2 483025232
2 483025234
2 483025244
2 483025253
2 483025274
2 483025283
2 483025284
2 483025291
2 483025312
2 483025342
2 483025351
2 483025354
2 483025364
2 483025371
2 483025372
2 483025373
2 483025374
2 483025381
2 483025382
2 483025383
2 483025384
2 483025393
2 483025412
2 483025423
2 483025432
2 483025443
2 483025452
2 483025471
2 483025472
2 483025481
2 483025492
2 483025511
2 483025514
2 483025632
2 483025633
2 483025641
2 483025642
2 483025643
2 483025644
2 483025692
2 483025694
2 483025721
2 483025722
2 483025724
2 483025731
2 483025733
2 483025742
2 483025772
2 483025774
2 483025783
2 483025784
2 483025791
2 483025792
2 483025793
2 483025794
2 483025833
2 483025842
2 483025862
2 483025872
2 483025874
2 483025881
2 483025882
2 483025883
2 483025884
2 483025891
2 483025893
2 483025922
2 483025924
2 483025931
2 483025932
2 483025954
2 483025963
2 483025981
2 483025983
2 483025984
2 483026051
2 483026052
2 483026053
2 483026054
2 483026063
2 483026143
2 483026144
2 483026151
2 483026152
2 483026153
2 483026154
2 483026161
2 483026162
2 483026163
2 483026164
2 483026171
2 483026173
2 483026232
2 483026234
2 483026242
2 483026243
2 483026244
2 483026251
2 483026252
2 483026253
2 483026254
2 483026261
2 483026262
2 483026263
2 483026264
2 483026271
2 483026301
2 483026303
2 483026304
2 483026322
2 483026324
2 483026331
2 483026332
2 483026333
2 483026334
2 483026341
2 483026343
2 483026352
2 483026353
2 483026354
2 483026361
2 483026362
2 483026363
2 483026364
2 483026401
2 483026402
2 483026411
2 483026414
2 483026421
2 483026432
2 483026461
2 483026524
2 483026533
2 483026542
2 483026554
2 483026603
2 483026612
2 483026613
2 483026621
2 483026622
2 483026624
2 483026631
2 483026633
2 483026634
2 483026642
2 483026643
2 483026644
2 483026701
2 483026702
2 483026703
2 483026704
2 483026711
2 483026713
2 483026724
2 483026731
2 483026732
2 483026733
2 483026734
2 483026741
2 483026742
2 483026743
2 483026744
2 483026832
2 483026841
2 483035004
2 483035011
2 483035012
2 483035021
2 483035023
2 483035024
2 483035032
2 483035033
2 483035034
2 483035044
2 483035063
2 483035081
2 483035082
2 483035083
2 483035084
2 483035121
2 483035131
2 483035133
2 483035141
2 483035222
2 483035224
2 483035261
2 483035263
2 483035361
2 483035363
2 483035364
2 483035461
2 483035462
3 483015273
3 483015443
3 483015642
3 483015641
3 483015644
3 483015643
3 483025103
3 483025201
3 483015372
3 483015371
3 483015444
3 483015463
3 483015551
3 483015561
3 483015573
3 483015564
3 483016212
3 483016223
3 483016224
3 483016421
3 483016433
3 483016423
3 483016424
3 483016551
3 483016644
3 483016742
3 483016211
3 483016214
3 483016213
3 483016314
3 483016414
3 483016511
3 483016512
3 483016611
3 483015791
3 483015782
3 483027164
3 483027163
3 483027261
3 483027262
3 483027264
3 483027263
3 483027362
3 483027212
3 483026293
3 483027214
3 483027302
3 483027321
3 483026391
3 483027322
3 483027342
3 483027354
3 483027353
3 483027442
3 483027422
3 483027312
3 483027311
3 483027303
3 483027314
3 483027304
3 483027323
3 483026393
3 483026394
3 483027313
3 483027412
3 483027421
3 483026492
3 483026491
3 483027411
3 483027413
3 483027404
3 483027403
3 483027423
3 483026494
3 483026493
3 483027432
3 483027433
3 483027424
3 483027434
3 483027443
3 483027444
3 483027522
3 483027532
3 483027541
3 483027531
3 483027414
3 483027501
3 483027521
3 483026591
3 483027504
3 483027513
3 483027523
3 483026594
3 483027514
3 483026593
3 483027533
3 483027534
3 483027543
3 483027622
3 483027652
3 483027642
3 483027641
3 483027632
3 483027631
3 483027624
3 483027361
3 483027761
3 483027763
3 483027861
3 483027864
3 483027863
3 483027972
3 483027962
3 483027952
3 483027961
3 483027503
3 483027611
3 483027601
3 483027621
3 483027602
3 483026692
3 483026691
3 483027623
3 483026694
3 483027604
3 483016743
3 483016734
3 483016723
3 483016821
3 483016832
3 483016843
3 483016824
3 483016834
3 483016823
3 483016844
3 483015794
3 483015793
3 483015891
3 483016814
3 483016813
3 483015894
3 483015992
3 483015991
3 483016912
3 483015993
3 483016833
3 483016932
3 483016941
3 483016942
3 483016921
3 483016922
3 483016944
3 483016934
3 483016943
3 483016904
3 483016913
3 483026012
3 483026011
3 483026002
3 483026013
3 483026004
3 483026014
3 483026041
3 483026032
3 483026042
3 483026034
3 483026044
3 483026043
3 483026131
3 483026132
3 483026133
3 483026112
3 483026102
3 483026111
3 483026114
3 483026113
3 483026211
3 483026212
3 483026272
3 483026274
3 483026273
3 483026124
3 483026134
3 483026222
3 483026231
3 483026221
3 483026223
3 483026283
3 483026382
3 483026381
3 483026371
3 483120102
3 483120203
3 483120204
3 483120313
3 483120421
3 483120412
3 483120414
3 483120054
3 483120152
3 483120154
3 483120251
3 483120242
3 483120253
3 483120244
3 483120243
3 483120254
3 483120341
3 483120423
3 483120413
3 483120512
3 483120502
3 483120514
3 483037194
3 483037193
3 483130114
3 483130113
3 483037292
3 483120351
3 483120332
3 483120333
3 483120324
3 483120422
3 483130222
3 483130233
3 483130741
3 483130732
3 483026214
3 483026213
3 483025293
3 483026312
3 483026311
3 483026302
3 483025391
3 483026224
3 483026233
3 483026321
3 483026372
3 483026373
3 483026383
3 483026374
3 483026384
3 483026313
3 483026314
3 483026412
3 483026323
3 483026481
3 483026471
3 483026462
3 483026472
3 483026482
3 483026474
3 483026484
3 483026483
3 483026464
3 483026473
3 483026582
3 483026571
3 483026572
3 483026581
3 483026562
3 483024481
3 483024483
3 483025413
3 483024581
3 483024582
3 483025504
3 483025503
3 483025602
3 483025812
3 483025814
3 483025912
3 483024782
3 483024791
3 483024793
3 483025713
3 483024794
3 483025811
3 483025802
3 483025911
3 483025902
3 483025903
3 483025914
3 483024993
3 483024994
3 483034092
3 483035003
3 483035101
3 483034193
3 483034184
3 483035103
3 483034194
3 483034282
3 483034281
3 483034384
3 483034383
3 483034394
3 483034272
3 483035412
3 483035612
3 483035623
3 483035721
3 483035853
3 483034492
3 483035511
3 483035513
3 483034583
3 483035503
3 483034682
3 483034684
3 483034791
3 483034793
3 483034794
3 483034892
3 483035803
3 483034883
3 483035911
3 483035902
3 483034981
3 483034983
3 483044083
3 483044181
3 483045103
3 483045201
3 483045202
3 483035842
3 483035844
3 483045121
3 483045122
3 483045241
3 483045232
3 483045332
3 483045412
3 483045414
3 483045423
3 483045411
3 483045532
3 483045521
3 483045523
3 483045544
3 483045543
3 483045621
3 483045622
3 483045642
3 483045623
3 483045624
3 483044772
3 483044782
3 483044784
3 483044783
3 483044774
3 483044882
3 483044881
3 483044872
3 483044891
3 483044892
3 483044422
3 483044424
3 483044522
3 483044664
3 483044673
3 483044663
3 483044532
3 483044521
3 483044523
3 483044524
3 483044533
3 483044631
3 483044633
3 483044634
3 483044771
3 483044742
3 483044762
3 483044773
3 483044743
3 483044744
3 483044841
3 483044861
3 483044842
3 483044852
3 483044731
3 483044732
3 483044741
3 483044734
3 483044941
3 483044943
3 483044871
3 483044851
3 483044863
3 483044844
3 483044853
3 483044854
3 483044864
3 483044843
3 483044951
3 483044942
3 483046161
3 483046174
3 483046281
3 483046283
3 483046372
3 483046373
3 483046462
3 483046472
3 483046571
3 483046662
3 483036951
3 483036921
3 483046253
3 483046753
3 483046734
3 483046744
3 483046832
3 483046851
3 483046822
3 483046824
3 483045083
3 483045172
3 483045171
3 483045183
3 483045481
3 483045763
3 483045754
3 483045852
3 483045854
3 483055062
3 483045084
3 483045382
3 483045384
3 483045491
3 483055184
3 483055282
3 483056213
3 483056312
3 483055382
3 483055394
3 483046761
3 483046752
3 483046754
3 483046763
3 483046852
3 483046861
3 483046874
3 483046883
3 483046981
3 483046972
3 483046984
3 483056062
3 483056081
3 483056083
3 483056182
3 483056183
3 483056281
3 483056282
3 483056283
3 483056284
3 483046931
3 483046943
3 483046933
3 483056034
3 483056033
3 483056131
3 483056133
3 483056243
3 483056323
3 483056324
3 483056381
3 483056382
3 483056383
3 483056482
3 483056484
3 483056762
3 483056771
3 483056773
3 483056774
3 483056872
3 483056314
3 483055393
3 483056313
3 483055384
3 483056804
3 483056902
3 483056904
3 483066002
3 483065084
3 483065182
3 483056431
3 483056433
3 483056832
3 483056834
3 483056843
3 483066221
3 483066244
3 483066223
3 483066341
3 483066342
3 483044874
3 483045803
3 483044894
3 483044883
3 483044893
3 483044972
3 483045902
3 483045901
3 483044994
3 483045904
3 483045721
3 483045814
3 483045912
3 483045914
3 483055012
3 483055014
3 483055112
3 483055121
3 483055114
3 483055123
3 483044993
3 483045913
3 483045903
3 483054092
3 483054091
3 483055013
3 483054093
3 483055111
3 483055113
3 483055211
3 483055064
3 483055161
3 483055152
3 483055154
3 483055153
3 483055163
3 483055252
3 483055261
3 483055251
3 483055263
3 483055222
3 483055232
3 483055242
3 483055241
3 483055221
3 483055231
3 483055233
3 483055234
3 483055223
3 483055224
3 483054252
3 483054262
3 483054264
3 483054254
3 483054263
3 483054273
3 483054362
3 483054361
3 483054352
3 483054371
3 483055341
3 483055342
3 483055322
3 483055321
3 483055331
3 483055332
3 483055323
3 483055324
3 483055421
3 483055423
3 483054364
3 483054373
3 483054363
3 483054472
3 483054471
3 483054452
3 483054462
3 483054461
3 483054474
3 483054464
3 483055202
3 483054483
3 483055413
3 483054581
3 483054584
3 483054583
3 483054682
3 483054681
3 483055611
3 483054684
3 483054473
3 483054463
3 483054454
3 483054561
3 483054552
3 483054571
3 483054562
3 483054572
3 483054563
3 483054574
3 483026563
3 483026583
3 483026573
3 483026584
3 483026564
3 483026574
3 483026661
3 483026652
3 483026681
3 483026653
3 483026623
3 483026672
3 483026682
3 483026654
3 483026684
3 483026673
3 483026683
3 483026663
3 483026674
3 483026664
3 483026781
3 483026614
3 483026712
3 483026762
3 483026761
3 483026752
3 483026782
3 483026772
3 483026771
3 483026774
3 483026764
3 483026783
3 483026763
3 483026721
3 483026722
3 483026751
3 483026723
3 483027614
3 483027603
3 483027613
3 483026693
3 483027721
3 483026791
3 483026792
3 483027702
3 483027712
3 483027701
3 483027654
3 483027644
3 483027634
3 483027643
3 483027653
3 483027633
3 483027742
3 483027752
3 483027722
3 483027741
3 483027732
3 483027731
3 483027751
3 483027743
3 483027753
3 483027754
3 483027734
3 483027744
3 483027724
3 483027733
3 483027711
3 483027703
3 483026794
3 483027713
3 483027704
3 483027714
3 483027723
3 483027812
3 483027811
3 483026892
3 483026891
3 483027802
3 483027821
3 483026882
3 483027803
3 483026894
3 483027804
3 483026893
3 483027823
3 483027813
3 483027851
3 483027831
3 483027841
3 483027832
3 483027842
3 483027822
3 483027852
3 483027843
3 483027853
3 483027833
3 483027824
3 483027854
3 483027834
3 483027844
3 483027942
3 483027951
3 483027941
3 483027932
3 483027922
3 483027931
3 483027814
3 483026884
3 483027921
3 483027901
3 483027911
3 483026992
3 483026991
3 483027902
3 483027912
3 483027904
3 483027973
3 483027963
3 483027954
3 483027964
3 483037072
3 483037071
3 483037052
3 483037061
3 483037081
3 483037062
3 483027924
3 483027943
3 483027934
3 483027953
3 483027944
3 483027933
3 483037042
3 483037031
3 483037041
3 483037051
3 483026714
3 483026812
3 483026754
3 483026784
3 483026773
3 483026881
3 483026872
3 483026851
3 483026852
3 483026854
3 483026883
3 483026863
3 483026753
3 483026831
3 483026821
3 483026822
3 483026842
3 483026843
3 483026811
3 483025892
3 483026801
3 483026814
3 483025894
3 483026813
3 483026823
3 483026833
3 483026824
3 483026844
3 483026834
3 483026942
3 483026941
3 483026922
3 483026931
3 483026912
3 483025992
3 483025991
3 483026911
3 483026902
3 483025982
3 483025994
3 483026913
3 483026904
3 483026853
3 483026962
3 483026982
3 483026961
3 483026951
3 483026971
3 483026952
3 483026954
3 483026974
3 483026963
3 483026921
3 483026932
3 483026943
3 483026933
3 483026934
3 483026914
3 483026944
3 483026924
3 483026923
3 483036051
3 483025993
3 483035091
3 483035092
3 483036011
3 483036013
3 483035094
3 483026984
3 483026973
3 483036072
3 483036081
3 483036082
3 483036052
3 483036061
3 483036084
3 483036064
3 483036083
3 483026994
3 483026993
3 483027903
3 483027914
3 483027923
3 483027913
3 483037012
3 483037001
3 483036091
3 483037011
3 483037032
3 483037022
3 483037043
3 483037044
3 483037053
3 483037024
3 483037034
3 483037033
3 483037142
3 483037122
3 483036092
3 483037021
3 483036094
3 483037023
3 483037013
3 483036093
3 483037014
3 483037102
3 483037121
3 483037112
3 483037074
3 483037063
3 483037064
3 483037084
3 483037054
3 483037073
3 483037083
3 483037152
3 483037171
3 483037181
3 483037172
3 483037162
3 483037182
3 483037161
3 483037174
3 483037164
3 483037173
3 483037163
3 483037184
3 483037183
3 483037151
3 483037132
3 483037141
3 483037124
3 483037143
3 483037134
3 483037153
3 483037133
3 483037144
3 483037251
3 483037111
3 483036191
3 483037114
3 483037123
3 483037104
3 483036193
3 483037103
3 483037113
3 483037202
3 483037212
3 483037154
3 483037252
3 483037262
3 483037281
3 483037272
3 483037282
3 483037261
3 483037271
3 483037283
3 483037273
3 483037222
3 483037232
3 483037242
3 483037241
3 483037231
3 483037224
3 483037233
3 483037244
3 483037234
3 483037253
3 483130201
3 483037291
3 483130204
3 483130213
3 483037284
3 483037293
3 483037294
3 483037392
3 483130302
3 483130301
3 483037263
3 483037274
3 483037254
3 483037264
3 483037362
3 483037361
3 483037352
3 483037381
3 483037371
3 483037372
3 483037243
3 483037332
3 483037322
3 483037341
3 483037342
3 483037351
3 483037343
3 483037344
3 483037353
3 483037333
3 483037221
3 483037223
3 483037214
3 483037312
3 483037321
3 483037314
3 483037413
3 483037414
3 483037404
3 483037521
3 483037382
3 483037391
3 483037384
3 483037394
3 483130303
3 483130304
3 483037393
3 483037491
3 483130401
3 483130402
3 483037373
3 483037363
3 483037354
3 483037383
3 483037364
3 483037374
3 483037462
3 483037481
3 483037461
3 483037452
3 483037471
3 483037472
3 483037482
3 483037454
3 483037463
3 483037473
3 483037484
3 483037483
3 483037474
3 483037464
3 483037334
3 483037451
3 483037431
3 483037441
3 483037432
3 483037442
3 483037453
3 483037443
3 483037542
3 483037532
3 483037492
3 483037493
3 483037494
3 483130403
3 483037592
3 483037591
3 483037594
3 483037593
3 483037682
3 483037692
3 483037552
3 483037582
3 483037561
3 483037562
3 483037581
3 483037564
3 483037554
3 483037573
3 483037563
3 483037584
3 483037541
3 483037551
3 483037544
3 483037534
3 483037524
3 483037543
3 483037651
3 483037622
3 483037631
3 483037641
3 483036042
3 483036031
3 483036021
3 483036012
3 483036022
3 483036053
3 483036023
3 483036024
3 483036033
3 483036014
3 483035093
3 483035192
3 483036111
3 483036112
3 483036101
3 483036114
3 483036103
3 483035194
3 483036113
3 483036212
3 483036054
3 483036172
3 483036152
3 483036181
3 483036163
3 483036154
3 483036184
3 483036183
3 483036261
3 483036282
3 483036044
3 483036122
3 483036151
3 483036121
3 483036124
3 483036133
3 483036222
3 483036231
3 483036224
3 483036233
3 483036262
3 483036271
3 483036252
3 483036264
3 483036273
3 483036372
3 483036362
3 483036371
3 483036373
3 483036374
3 483036201
3 483036211
3 483036203
3 483036301
3 483035392
3 483035394
3 483035492
3 483035494
3 483035594
3 483036513
3 483036472
3 483036471
3 483036474
3 483036483
3 483036572
3 483036571
3 483036671
3 483036672
3 483036674
3 483036664
3 483036321
3 483036324
3 483036432
3 483036434
3 483036541
3 483036641
3 483036632
3 483036644
3 483036821
3 483036823
3 483036514
3 483035692
3 483036612
3 483035694
3 483036713
3 483036811
3 483036812
3 483035992
3 483036901
3 483045082
3 483036762
3 483036771
3 483036773
3 483036774
3 483036872
3 483036862
3 483036871
3 483036873
3 483036952
3 483036971
3 483037684
3 483037694
3 483130603
3 483130702
3 483130701
3 483130704
3 483130703
3 483130802
3 483130812
3 483130811
3 483130744
3 483130733
3 483130743
3 483130734
3 483130821
3 483130851
3 483130822
3 483130841
3 483130832
3 483130831
3 483130963
3 483140061
3 483140062
3 483130842
3 483130833
3 483130844
3 483130834
3 483130853
3 483130843
3 483130951
3 483130942
3 483130931
3 483130934
3 483130954
3 483130953
3 483140052
3 483140031
3 483140051
3 483140054
3 483140332
3 483140334
3 483140343
3 483140432
3 483140013
3 483140102
3 483140111
3 483140113
3 483140213
3 483140311
3 483140313
3 483140414
3 483140512
3 483140514
3 483140611
3 483140612
3 483140613
3 483140711
3 483047791
3 483047784
3 483140703
3 483140713
3 483140704
3 483140801
3 483037642
3 483037632
3 483037653
3 483037643
3 483037634
3 483037633
3 483037741
3 483037732
3 483037751
3 483037731
3 483037662
3 483037661
3 483037654
3 483037664
3 483037663
3 483037673
3 483037761
3 483037782
3 483037754
3 483037784
3 483037733
3 483037753
3 483037734
3 483037851
3 483037831
3 483037842
3 483037833
3 483037844
3 483037942
3 483037922
3 483037783
3 483037881
3 483037883
3 483037972
3 483037983
3 483037974
3 483047081
3 483047072
3 483047083
3 483047074
3 483037513
3 483037623
3 483037903
3 483046092
3 483047001
3 483046091
3 483046384
3 483046794
3 483046894
3 483046893
3 483037944
3 483037924
3 483047042
3 483047043
3 483047532
3 483047541
3 483047534
3 483047633
3 483047634
3 483047741
3 483047181
3 483047172
3 483047174
3 483047173
3 483047272
3 483047473
3 483047783
3 483047881
3 483047874
3 483057972
3 483047742
3 483047732
3 483047744
3 483047734
3 483047831
3 483047832
3 483057424
3 483057434
3 483057522
3 483057531
3 483046993
3 483057002
3 483057011
3 483057001
3 483056184
3 483056384
3 483056591
3 483057801
3 483056892
3 483057823
3 483057803
3 483056894
3 483056992
3 483056993
3 483057903
3 483057923
3 483056994
3 483067021
3 483067014
3 483067112
3 483140431
3 483140423
3 483140532
3 483140522
3 483140521
3 483140523
3 483140524
3 483140534
3 483140631
3 483044962
3 483044961
3 483054044
3 483054151
3 483054142
3 483054153
3 483054163
3 483054154
3 483054164
3 483054261
3 483044934
3 483044933
3 483054041
3 483054032
3 483054043
3 483054743
3 483054841
3 483054832
3 483054941
3 483054932
3 483054674
3 483054673
3 483054663
3 483054742
3 483054752
3 483054761
3 483054762
3 483054751
3 483054772
3 483054771
3 483054754
3 483054744
3 483054753
3 483054774
3 483054764
3 483054773
3 483054763
3 483054862
3 483054871
3 483054852
3 483054872
3 483054842
3 483054851
3 483054861
3 483054844
3 483054843
3 483054854
3 483054864
3 483054873
3 483054863
3 483054874
3 483054853
3 483054971
3 483054961
3 483054952
3 483054942
3 483054951
3 483054972
3 483054962
3 483054974
3 483054973
3 483054963
3 483054954
3 483054943
3 483054964
3 483064072
3 483064071
3 483064062
3 483064061
3 483064044
3 483064053
3 483064063
3 483064073
3 483064064
3 483064074
3 483064054
3 483064161
3 483064142
3 483064172
3 483064151
3 483064171
3 483064152
3 483064162
3 483064163
3 483064164
3 483064153
3 483064173
3 483064174
3 483064144
3 483064154
3 483055521
3 483055531
3 483055522
3 483055544
3 483055523
3 483055514
3 483055543
3 483055621
3 483055612
3 483055641
3 483054554
3 483054564
3 483054573
3 483054661
3 483054652
3 483054662
3 483054671
3 483054672
3 483054654
3 483054664
3 483055351
3 483055361
3 483055353
3 483055651
3 483055652
3 483055673
3 483055653
3 483055674
3 483055862
3 483065081
3 483054683
3 483055613
3 483055604
3 483054791
3 483055702
3 483054781
3 483054782
3 483054784
3 483054793
3 483054783
3 483054794
3 483054882
3 483055801
3 483054891
3 483054881
3 483054892
3 483054883
3 483055804
3 483054884
3 483055803
3 483055644
3 483055623
3 483055643
3 483055624
3 483055912
3 483055923
3 483055914
3 483065042
3 483065021
3 483065012
3 483054894
3 483054893
3 483055813
3 483054981
3 483054992
3 483055911
3 483055902
3 483054991
3 483054982
3 483054984
3 483054994
3 483055903
3 483054983
3 483054993
3 483055913
3 483055904
3 483065011
3 483064092
3 483065002
3 483064081
3 483064082
3 483065001
3 483064091
3 483065013
3 483065003
3 483064083
3 483064084
3 483065004
3 483064093
3 483064094
3 483065022
3 483065034
3 483065023
3 483065014
3 483065033
3 483065142
3 483065112
3 483065121
3 483065123
3 483065114
3 483064182
3 483064191
3 483065102
3 483065111
3 483064192
3 483064181
3 483065101
3 483064194
3 483065113
3 483065104
3 483065053
3 483065152
3 483065173
3 483065174
3 483065163
3 483065261
3 483065271
3 483065272
3 483065263
3 483065254
3 483065103
3 483064183
3 483064184
3 483064193
3 483064292
3 483065211
3 483065201
3 483064281
3 483064291
3 483065202
3 483065124
3 483065143
3 483065221
3 483065222
3 483065241
3 483065212
3 483065224
3 483065223
3 483065214
3 483065331
3 483064282
3 483064294
3 483064293
3 483065213
3 483064283
3 483065204
3 483065203
3 483064284
3 483065301
3 483065311
3 483064391
3 483065302
3 483064381
3 483064392
3 483064382
3 483065313
3 483064394
3 483064393
3 483065304
3 483064384
3 483065321
3 483065322
3 483065312
3 483065334
3 483065323
3 483065333
3 483065324
3 483065314
3 483065431
3 483065432
3 483065362
3 483065361
3 483065373
3 483065363
3 483065364
3 483065472
3 483065462
3 483065471
3 483065473
3 483065303
3 483064383
3 483064491
3 483064481
3 483064482
3 483064492
3 483065402
3 483065401
3 483065411
3 483064494
3 483065441
3 483065421
3 483065412
3 483065414
3 483065433
3 483065424
3 483065423
3 483065434
3 483064484
3 483064483
3 483065403
3 483065404
3 483065413
3 483064493
3 483064582
3 483064591
3 483065502
3 483064592
3 483065463
3 483065474
3 483065572
3 483065571
3 483065561
3 483065562
3 483065564
3 483065522
3 483065512
3 483065521
3 483065532
3 483065523
3 483065524
3 483065514
3 483064581
3 483065501
3 483065511
3 483064584
3 483064583
3 483064593
3 483065513
3 483065504
3 483064594
3 483065503
3 483064563
3 483064574
3 483064573
3 483064554
3 483064564
3 483064652
3 483064672
3 483064671
3 483064661
3 483064662
3 483065573
3 483065574
3 483065671
3 483065672
3 483065681
3 483065621
3 483065622
3 483065632
3 483065631
3 483065612
3 483065624
3 483065602
3 483064682
3 483065611
3 483064692
3 483064681
3 483065601
3 483064691
3 483064684
3 483064693
3 483065613
3 483064694
3 483064683
3 483065604
3 483065603
3 483064782
3 483065701
3 483065711
3 483064781
3 483064792
3 483065702
3 483064251
3 483064271
3 483064272
3 483064261
3 483064242
3 483064262
3 483064252
3 483064254
3 483064274
3 483064264
3 483064141
3 483064143
3 483064241
3 483064234
3 483064243
3 483064233
3 483064331
3 483064341
3 483064332
3 483064343
3 483064244
3 483064253
3 483064263
3 483064273
3 483064362
3 483064352
3 483064342
3 483064361
3 483064371
3 483064351
3 483064372
3 483064374
3 483064354
3 483064353
3 483064364
3 483064344
3 483064363
3 483064373
3 483064452
3 483064442
3 483064472
3 483064451
3 483064462
3 483064461
3 483064471
3 483064473
3 483064444
3 483064463
3 483064474
3 483064453
3 483064454
3 483064464
3 483064542
3 483064552
3 483064561
3 483064551
3 483064572
3 483064571
3 483064541
3 483064562
3 483064334
3 483064441
3 483064432
3 483064443
3 483065634
3 483065633
3 483065623
3 483065614
3 483065721
3 483065712
3 483065722
3 483065732
3 483064673
3 483064663
3 483064674
3 483064654
3 483064664
3 483064762
3 483064772
3 483064761
3 483064771
3 483064763
3 483065731
3 483065734
3 483065723
3 483065714
3 483065733
3 483065724
3 483064791
3 483064784
3 483065703
3 483064783
3 483065713
3 483064794
3 483065704
3 483064793
3 483064892
3 483065801
3 483065832
3 483065812
3 483065831
3 483065821
3 483065822
3 483065823
3 483065834
3 483065814
3 483064891
3 483065811
3 483064881
3 483065813
3 483064893
3 483064883
3 483064884
3 483064894
3 483065804
3 483064992
3 483064764
3 483064773
3 483064774
3 483064872
3 483064871
3 483064873
3 483064874
3 483064971
3 483064972
3 483064974
3 483065833
3 483065824
3 483065912
3 483065922
3 483065921
3 483065901
3 483064981
3 483064991
3 483065902
3 483065911
3 483064982
3 483064983
3 483064984
3 483065904
3 483065903
3 483065914
3 483065924
3 483065923
3 483075021
3 483065913
3 483064994
3 483064993
3 483075011
3 483075001
3 483075002
3 483074072
3 483074092
3 483074081
3 483075013
3 483075012
3 483075003
3 483075004
3 483074094
3 483075111
3 483074192
3 483075101
3 483075102
3 483075104
3 483075103
3 483066102
3 483066103
3 483065184
3 483065193
3 483066104
3 483065194
3 483065282
3 483066212
3 483066201
3 483065291
3 483056861
3 483056863
3 483056854
3 483066362
3 483066364
3 483066363
3 483066481
3 483066463
3 483066454
3 483066552
3 483066343
3 483066442
3 483066432
3 483066441
3 483066444
3 483066443
3 483066542
3 483066541
3 483066532
3 483066531
3 483066571
3 483066561
3 483066563
3 483066554
3 483066671
3 483066681
3 483066662
3 483066652
3 483066673
3 483066664
3 483066551
3 483066543
3 483066544
3 483066553
3 483066642
3 483066643
3 483066614
3 483066721
3 483066712
3 483066741
3 483065584
3 483065593
3 483065583
3 483065682
3 483065691
3 483065692
3 483066601
3 483065694
3 483065684
3 483066603
3 483066604
3 483065782
3 483066711
3 483065791
3 483066702
3 483066704
3 483066723
3 483066724
3 483066822
3 483066821
3 483066831
3 483066812
3 483066834
3 483066823
3 483066833
3 483066824
3 483066663
3 483066654
3 483066683
3 483066773
3 483066784
3 483066872
3 483057981
3 483057983
3 483057974
3 483067071
3 483067062
3 483067061
3 483067081
3 483067064
3 483067073
3 483067083
3 483067113
3 483067114
3 483067204
3 483067421
3 483067413
3 483067521
3 483067613
3 483066791
3 483067711
3 483067823
3 483057824
3 483057922
3 483067132
3 483067134
3 483067351
3 483067551
3 483067553
3 483067824
3 483067181
3 483067182
3 483067152
3 483067184
3 483067284
3 483067552
3 483067554
3 483067563
3 483057984
3 483066932
3 483066922
3 483066921
3 483066931
3 483075202
3 483075201
