 male female
0 876 866
1 912 879
2 1000 934
3 924 892
4 909 881
5 954 915
6 944 946
7 1023 946
8 1024 1000
9 1067 1035
10 1120 1023
11 1092 1023
12 1124 1093
13 1179 1084
14 1162 1135
15 1220 1201
16 1307 1133
17 1365 1140
18 1048 916
19 658 620
20 619 680
21 617 772
22 709 831
23 766 939
24 849 931
25 911 956
26 951 1018
27 929 981
28 1031 1063
29 1014 1088
30 1043 1107
31 1008 1149
32 1067 1152
33 1181 1185
34 1169 1232
35 1209 1260
36 1270 1213
37 1199 1251
38 1226 1287
39 1115 1223
40 1168 1197
41 1214 1259
42 1174 1283
43 1232 1412
44 1052 1111
45 1236 1376
46 1244 1336
47 1269 1317
48 1354 1408
49 1341 1454
50 1427 1497
51 1519 1612
52 1499 1460
53 1456 1618
54 1571 1573
55 1677 1723
56 1690 1771
57 1660 1769
58 1831 1908
59 1769 1951
60 1976 1985
61 2136 2219
62 1928 2002
63 1914 1951
64 1096 1211
65 1207 1311
66 1438 1632
67 1244 1607
68 1353 1697
69 1352 1739
70 1222 1596
71 1143 1573
72 1237 1773
73 1409 1808
74 1345 1819
75 1346 1813
76 1283 1725
77 1251 1781
78 1230 1774
79 1060 1630
80 1113 1633
81 942 1490
82 934 1592
83 855 1423
84 739 1331
85 570 1247
86 441 1039
87 352 950
88 300 821
89 235 697
90 205 736
91 123 453
92 105 425
93 100 362
94 69 278
95 46 222
96 35 172
97 25 119
98 21 86
99 6 59
100 19 98
