 male female
0 641 595
1 650 645
2 677 737
3 776 754
4 827 787
5 817 864
6 846 825
7 868 815
8 899 885
9 958 866
10 891 849
11 928 879
12 990 919
13 931 887
14 927 868
15 1010 907
16 1057 993
17 1097 948
18 897 804
19 589 592
20 567 650
21 544 606
22 562 657
23 616 644
24 629 694
25 634 728
26 672 738
27 683 776
28 688 786
29 704 722
30 760 793
31 742 891
32 847 916
33 892 939
34 949 964
35 977 1013
36 987 1020
37 971 1003
38 1054 1060
39 1022 1105
40 1047 1087
41 1064 1134
42 1120 1129
43 1122 1169
44 1179 1215
45 1164 1256
46 1290 1209
47 1192 1262
48 1222 1238
49 1117 1210
50 1168 1147
51 1152 1225
52 1154 1272
53 1218 1392
54 1049 1074
55 1225 1320
56 1248 1341
57 1252 1303
58 1320 1400
59 1294 1391
60 1380 1471
61 1438 1602
62 1436 1431
63 1446 1563
64 1445 1571
65 1608 1676
66 1614 1715
67 1569 1745
68 1770 1829
69 1686 1850
70 1782 1950
71 1942 2103
72 1731 1915
73 1691 1787
74 940 1130
75 1017 1225
76 1213 1472
77 1015 1471
78 1072 1519
79 1041 1571
80 901 1375
81 867 1352
82 842 1438
83 940 1442
84 848 1437
85 800 1354
86 709 1230
87 651 1263
88 554 1154
89 441 1018
90 407 960
91 317 763
92 228 773
93 204 570
94 149 464
95 84 365
96 61 291
97 48 193
98 25 163
99 18 116
100 24 182
