 male female
0 1109 1055
1 1145 1074
2 1159 1084
3 1201 1147
4 1149 1161
5 1229 1248
6 1280 1207
7 1306 1198
8 1338 1242
9 1285 1226
10 1404 1298
11 1374 1436
12 1447 1378
13 1465 1498
14 1537 1527
15 1646 1549
16 1762 1589
17 1762 1550
18 1394 1325
19 966 939
20 927 965
21 904 1008
22 963 1105
23 1092 1105
24 1127 1226
25 1189 1299
26 1302 1275
27 1216 1274
28 1206 1285
29 1169 1220
30 1192 1201
31 1245 1292
32 1223 1322
33 1259 1435
34 1063 1161
35 1292 1430
36 1301 1394
37 1354 1364
38 1408 1469
39 1391 1483
40 1451 1529
41 1585 1654
42 1594 1508
43 1520 1672
44 1631 1620
45 1730 1770
46 1777 1784
47 1737 1812
48 1885 1938
49 1897 1948
50 2029 2050
51 2244 2238
52 2047 2002
53 2028 1954
54 1166 1244
55 1276 1329
56 1520 1700
57 1303 1662
58 1412 1751
59 1439 1796
60 1338 1688
61 1274 1647
62 1410 1877
63 1618 2011
64 1587 1977
65 1619 1942
66 1566 1916
67 1614 2002
68 1631 2016
69 1495 1848
70 1561 1908
71 1414 1787
72 1439 1939
73 1376 1810
74 1308 1700
75 1139 1730
76 922 1491
77 785 1449
78 734 1340
79 661 1197
80 646 1315
81 476 895
82 487 958
83 445 908
84 368 764
85 329 696
86 290 628
87 246 581
88 194 477
89 114 377
90 110 341
91 107 270
92 54 212
93 56 179
94 34 138
95 17 90
96 13 87
97 7 52
98 6 30
99 4 30
100 6 25
