 male female
0 778 837
1 846 797
2 906 808
3 903 884
4 992 876
5 893 876
6 953 888
7 992 920
8 965 899
9 925 886
10 951 906
11 937 957
12 1018 950
13 1023 1005
14 1046 996
15 1181 997
16 1204 1012
17 1235 1073
18 1017 844
19 630 674
20 588 703
21 560 680
22 594 736
23 638 728
24 657 729
25 739 778
26 746 876
27 850 883
28 852 977
29 957 1010
30 978 1006
31 994 1011
32 954 993
33 1031 1073
34 1036 1085
35 1050 1105
36 1026 1130
37 1103 1155
38 1164 1203
39 1185 1214
40 1206 1271
41 1282 1211
42 1176 1264
43 1217 1263
44 1102 1180
45 1157 1170
46 1157 1259
47 1163 1275
48 1207 1392
49 1055 1094
50 1261 1360
51 1261 1345
52 1261 1320
53 1333 1409
54 1323 1449
55 1422 1471
56 1485 1601
57 1477 1439
58 1454 1588
59 1500 1574
60 1647 1719
61 1641 1739
62 1643 1768
63 1811 1882
64 1761 1930
65 1908 1973
66 2085 2181
67 1863 1981
68 1845 1896
69 1049 1175
70 1106 1283
71 1372 1578
72 1150 1565
73 1260 1634
74 1211 1685
75 1100 1509
76 1037 1497
77 1080 1647
78 1229 1671
79 1116 1701
80 1112 1661
81 1018 1541
82 974 1570
83 930 1525
84 770 1411
85 783 1359
86 600 1192
87 565 1281
88 489 1042
89 429 925
90 292 853
91 191 664
92 171 595
93 120 465
94 77 335
95 65 323
96 27 188
97 22 135
98 17 122
99 12 85
100 20 131
